-0.01278705 0.07606633 0.03909251
-0.01205451 0.07652447 0.04014888
-0.01205451 0.07652447 0.04014888
-0.01205446 0.07656966 0.04017179
-0.01138985 0.07672968 0.04115655
-0.01112699 0.07668513 0.04163744
-0.01082983 0.07652165 0.04211109
-0.01021889 0.07638282 0.0429854
-0.009692725 0.07630972 0.04426854
-0.009403642 0.07626095 0.04490718
-0.009140663 0.07613738 0.04548007
-0.008830415 0.07600456 0.04610147
-0.008501559 0.07599293 0.04675538
-0.007820698 0.07607126 0.0480088
-0.007474068 0.0761773 0.0486768
-0.007066458 0.07631334 0.04925908
-0.006753364 0.07657711 0.0498943
-0.006448165 0.0769045 0.05051025
-0.005909029 0.07736781 0.05155363
-0.005644142 0.07748778 0.0520522
-0.005297534 0.07761253 0.05248599
-0.005048215 0.07778992 0.05300998
-0.00475842 0.07796923 0.05349367
-0.00413384 0.0782323 0.05451233
-0.003846471 0.07833453 0.05513224
-0.003564779 0.07838503 0.0556503
-0.003352784 0.07832315 0.05611983
-0.003104812 0.07819429 0.05654182
-0.002608935 0.07809226 0.05735946
-0.00241006 0.07824072 0.05775471
-0.002206059 0.07842471 0.05817338
-0.001983879 0.0785097 0.05858197
-0.001653436 0.07854245 0.0589767
-0.00104781 0.07865733 0.05971766
-0.0007676333 0.07870419 0.06015487
-0.0004600715 0.07882795 0.06060328
-0.0002160976 0.07899597 0.06108734
7.531699E-05 0.0792089 0.06173476
0.000748883 0.07986392 0.06329565
0.001212297 0.08004852 0.06411652
0.001800259 0.08005823 0.06493676
0.002364721 0.0800676 0.06590961
0.003071109 0.08025682 0.06702211
0.00497584 0.08082742 0.06939627
0.006197482 0.08110152 0.07071261
0.007584213 0.0814619 0.07205102
0.009108319 0.08186655 0.07350954
0.01077837 0.08238707 0.07510377
0.01469466 0.08284048 0.0788552
0.01699464 0.08297329 0.08098264
0.01951117 0.08302594 0.08331614
0.02220509 0.08292235 0.08558418
0.02513425 0.08274557 0.08811431
0.03145187 0.08174028 0.09325033
0.03479154 0.08096531 0.09589544
0.03826227 0.08027637 0.09886365
0.04191459 0.07953873 0.1019074
0.04525377 0.07901996 0.1048235
0.0523921 0.07730836 0.1109789
0.05604939 0.07642385 0.1142904
0.05969983 0.07565437 0.1178849
0.06328351 0.07482449 0.1215504
0.06675874 0.07361042 0.125339
0.07326117 0.06898491 0.1333766
0.07591688 0.06590536 0.1379003
0.07810527 0.06324486 0.1429589
0.07999529 0.06248166 0.1485131
0.08146006 0.06332298 0.1543544
0.08376549 0.06437072 0.166777
0.08454002 0.06503867 0.1731451
0.08491565 0.06589465 0.1794141
0.08512224 0.06635229 0.1860193
0.08515475 0.06635519 0.1927603
0.08496564 0.06639528 0.2078172
0.08455049 0.06645976 0.216426
0.08394677 0.06621568 0.22537
0.08332557 0.0654844 0.2349177
0.08262734 0.06411059 0.2446871
0.0808101 0.06000838 0.2655619
0.07966416 0.05741565 0.2765418
0.078219 0.05472926 0.2878224
0.07665963 0.05212305 0.2996413
0.07475356 0.04972362 0.3118566
0.07052259 0.04510925 0.3377967
0.06813379 0.04283801 0.3517419
0.06547076 0.04117515 0.3658037
0.06251064 0.03965385 0.3807781
0.05542565 0.03836054 0.4122376
0.05142103 0.03870501 0.428733
0.04718459 0.03912517 0.4458054
0.04257032 0.03986217 0.4629727
0.03759075 0.04061759 0.4806597
0.02689112 0.04563133 0.5169032
0.02180861 0.05228039 0.5348373
0.01700437 0.05771402 0.5535032
0.01249463 0.06093208 0.5714244
0.008249247 0.06218193 0.588657
0.004674846 0.06235238 0.6049314
-0.0005942406 0.05995435 0.636327
-0.002307018 0.0591966 0.6519963
-0.003565574 0.06065335 0.6675385
-0.004557932 0.06289163 0.6840503
-0.00545777 0.06582688 0.7163486
-0.005391848 0.06710031 0.7322669
-0.005375454 0.06843945 0.7483432
-0.00543019 0.06915641 0.7646231
-0.005384578 0.06990893 0.7803603
-0.005627623 0.07049045 0.8133043
-0.005684829 0.06989871 0.8303475
-0.005590783 0.06799121 0.847289
-0.005595678 0.06492447 0.8646505
-0.00551521 0.06136894 0.882254
-0.0053293 0.05294424 0.9186147
-0.0051623 0.04786868 0.9373463
-0.00462034 0.04268758 0.9564337
-0.003883995 0.03746174 0.9761723
-0.002503511 0.03246437 0.9961186
0.001370477 0.02386822 1.037021
0.003918658 0.02073653 1.057981
0.007066723 0.01889813 1.079206
0.01070826 0.01847831 1.100854
0.01504302 0.01900047 1.122846
0.02498743 0.01938196 1.167648
0.03031291 0.02349606 1.191531
0.03531738 0.0351144 1.213953
0.04015242 0.04365135 1.236954
0.04436462 0.04626678 1.25933
0.04973051 0.04327137 1.301039
0.05127516 0.04476121 1.32139
0.0522578 0.04951839 1.341307
0.05283059 0.05425677 1.361082
0.05279429 0.05813831 1.380595
0.05195305 0.06795755 1.420062
0.05132658 0.07154275 1.440001
0.05034138 0.07320386 1.459487
0.04967356 0.07393125 1.478856
0.04892153 0.07341257 1.497867
0.04794926 0.07078226 1.536536
0.04764243 0.06911603 1.556377
0.0469491 0.06673959 1.576607
0.04663619 0.06411408 1.59752
0.04584154 0.06080576 1.618612
0.04367981 0.04971165 1.662139
0.04367981 0.04971165 1.662139
0.04202566 0.04235027 1.684786
0.04015774 0.03811814 1.706864
0.0358157 0.03008597 1.752228
0.0295682 0.02380331 1.800002
0.02569932 0.02346979 1.824058
0.02139041 0.02415515 1.848551
0.0169066 0.0251532 1.873292
0.0119477 0.02604707 1.897951
0.00185113 0.03864887 1.94888
-0.002318 0.04955817 1.973313
-0.005836532 0.05252233 1.998233
-0.008455742 0.0492753 2.021634
-0.01013237 0.04440434 2.04405
-0.01129983 0.05023485 2.088301
-0.01197691 0.0563713 2.111061
-0.01248754 0.05997545 2.132383
-0.01285926 0.06298342 2.154149
-0.01319597 0.0674806 2.175106
-0.01371393 0.072052 2.217756
-0.01358883 0.07210693 2.238024
-0.01360229 0.07155567 2.258235
-0.01352537 0.07028724 2.278868
-0.01365442 0.06830917 2.299331
-0.01384239 0.06325086 2.348636
-0.01431556 0.06047856 2.373894
-0.01441269 0.05606963 2.395894
-0.01401031 0.05171322 2.423153
-0.01330365 0.04668146 2.445424
-0.01103707 0.03526019 2.49339
-0.009180866 0.03009953 2.519268
-0.006720454 0.0255664 2.542448
-0.003703754 0.0232565 2.568477
5.796179E-05 0.02225352 2.592413
0.009199936 0.02235299 2.642357
0.01424219 0.02183811 2.66763
0.01929284 0.02067513 2.692412
0.02396144 0.02306715 2.718329
0.02818074 0.03515911 2.742397
0.03593545 0.045904 2.789959
0.0391354 0.04421157 2.813681
0.04096577 0.04711227 2.837108
0.04166389 0.05422597 2.858435
0.04205348 0.05976166 2.880982
0.04112079 0.06342655 2.922397
0.04014172 0.06704387 2.943189
0.03956776 0.07135756 2.964571
0.03887272 0.0751085 2.985057
0.03819279 0.07780054 3.007044
0.03671512 0.07932347 3.049293
0.03617388 0.07777788 3.070459
0.0355206 0.07487026 3.091781
0.0347752 0.07128973 3.114041
0.03426535 0.06695691 3.13563
0.03243412 0.05525943 3.178815
0.03122227 0.0488726 3.201747
0.02952342 0.04274927 3.224411
0.02758522 0.03767473 3.248033
0.025501 0.0332507 3.271528
0.01960361 0.02628009 3.319334
0.01583593 0.02458011 3.344235
0.01163827 0.0242243 3.368325
0.006993823 0.02560275 3.393994
0.002379519 0.02700323 3.418939
-0.007595318 0.02628672 3.468517
-0.01258996 0.02972451 3.494076
-0.01689972 0.03948106 3.517082
-0.02015956 0.04553139 3.541535
-0.02340555 0.04438742 3.565774
-0.02664503 0.04338792 3.610453
-0.02630324 0.04911789 3.632836
-0.02560096 0.05413972 3.656195
-0.02502151 0.05744996 3.677725
-0.02518724 0.06085255 3.700932
-0.02457651 0.0685049 3.743842
-0.0244729 0.06969674 3.76444
-0.02484167 0.06933883 3.785429
-0.02513 0.06854486 3.805914
-0.02584515 0.06725292 3.8273
-0.02731789 0.06378774 3.871481
-0.02789442 0.06139765 3.893756
-0.02841799 0.05870808 3.917489
-0.02892648 0.05454902 3.940536
-0.02874898 0.04985447 3.966232
-0.02829125 0.03851284 4.014149
-0.02741694 0.03204529 4.03783
-0.02607432 0.02606678 4.062423
-0.02460743 0.02181453 4.086496
-0.02248021 0.01909634 4.112073
-0.0162189 0.01781105 4.161756
-0.01231121 0.01790714 4.186603
-0.008059666 0.01667508 4.212157
-0.004222982 0.01517028 4.237165
-0.0007221177 0.01800197 4.26288
0.004834361 0.0381979 4.313875
0.006868489 0.03906424 4.338708
0.008454859 0.0373455 4.362823
0.008946717 0.04038165 4.386962
0.009696245 0.04750207 4.411503
0.009410389 0.05506399 4.457137
0.008207284 0.05662468 4.478874
0.007156119 0.06057024 4.499838
0.00626919 0.06478328 4.521413
0.006355867 0.06735953 4.543048
0.005450834 0.06956108 4.58491
0.004837602 0.06886983 4.606022
0.004507206 0.06775869 4.626461
0.003935762 0.06611727 4.64846
0.003890067 0.06430101 4.671142
0.002451666 0.05794944 4.716897
0.001119509 0.05300842 4.740375
-0.0003806204 0.04799026 4.763421
-0.002341609 0.04234709 4.787463
-0.00464198 0.03772014 4.8108
-0.01088735 0.03127271 4.858112
-0.01465369 0.02884264 4.882959
-0.01919142 0.02745615 4.906429
-0.02383587 0.02728334 4.931564
-0.02913664 0.02866493 4.9552
-0.03961673 0.02978784 5.005135
-0.04531281 0.03212591 5.030872
-0.05108894 0.04356906 5.054111
-0.05589376 0.0521055 5.078734
-0.06366929 0.04876906 5.125266
-0.06568294 0.04861982 5.147937
-0.06683418 0.05289504 5.170042
-0.06698291 0.05824006 5.191832
-0.06721169 0.06166583 5.213172
-0.06764033 0.06568289 5.234061
-0.06948151 0.07591455 5.275268
-0.07064836 0.07816933 5.295483
-0.07150781 0.07911342 5.315187
-0.072404 0.07858461 5.334404
-0.07627526 0.0778072 5.352434
-0.07923751 0.0767844 5.39188
-0.08052966 0.07511611 5.412321
-0.08103975 0.07275673 5.434971
-0.08231334 0.06859083 5.455984
-0.08312318 0.06411433 5.477865
-0.08474727 0.05308516 5.521852
-0.08491921 0.04728527 5.543652
-0.0860374 0.04155219 5.568346
-0.08598214 0.03508846 5.591547
-0.08510777 0.02803989 5.639389
-0.08312447 0.02747853 5.66328
-0.08044289 0.02919725 5.687679
-0.07735291 0.03066657 5.712212
-0.07501844 0.0309055 5.73534
-0.06890772 0.03221366 5.784434
-0.06562271 0.0420242 5.810251
-0.06345297 0.05490336 5.835031
-0.06094915 0.05998701 5.860675
-0.06037537 0.05742517 5.886263
-0.05899978 0.05461505 5.930795
-0.05853294 0.05964807 5.952937
-0.05860594 0.06403971 5.974216
-0.05865536 0.0661473 5.995451
-0.06028806 0.06982721 6.01904
-0.06059678 0.07502155 6.039948
-0.06076223 0.08309104 6.082277
-0.0608328 0.08472702 6.103512
-0.06145736 0.08499923 6.124308
-0.06167055 0.08554253 6.147023
-0.06269047 0.08435595 6.16829
-0.06430697 0.08127601 6.210866
-0.06322955 0.08122104 6.230232
-0.06426848 0.07631984 6.252818
-0.06475491 0.0723294 6.273346
-0.06700014 0.06249136 6.320483
-0.06931466 0.05758652 6.344232
-0.07087644 0.0538438 6.370183
-0.07364023 0.04885355 6.394433
-0.07605428 0.04523817 6.418733
-0.07929714 0.04254457 6.443476
-0.08643065 0.04297858 6.493652
-0.09063322 0.04561985 6.51989
-0.09564389 0.04668546 6.545877
-0.1003341 0.04580671 6.568253
-0.1091203 0.0626848 6.618272
-0.1131863 0.06889942 6.644176
-0.1164127 0.06817865 6.668591
-0.1188739 0.06480345 6.691809
-0.1200325 0.06542724 6.71561
-0.1198175 0.07330751 6.758131
-0.1196351 0.07518989 6.779156
-0.1182789 0.07861587 6.798791
-0.1185418 0.08359036 6.820275
-0.1177799 0.08797674 6.840748
-0.1165502 0.08930838 6.876011
-0.1162643 0.08917749 6.89623
-0.1157494 0.08793932 6.914492
-0.1156035 0.08701308 6.935273
-0.1151836 0.08580619 6.958181
-0.1142837 0.0813558 7.004056
-0.1139859 0.07807495 7.027211
-0.1129503 0.07348803 7.050975
-0.1122395 0.0690937 7.074783
-0.1109789 0.0641802 7.099029
-0.1072098 0.05255684 7.148376
-0.1048879 0.04768413 7.173211
-0.101789 0.04402763 7.198109
-0.09847742 0.04240483 7.223327
-0.09367241 0.04247066 7.25058
-0.08495554 0.04199952 7.299973
-0.08039166 0.04082143 7.325289
-0.07653787 0.0419184 7.348736
-0.07250039 0.05327117 7.373597
-0.0708089 0.06379291 7.40019
-0.06505843 0.06234714 7.449202
-0.06402712 0.05913371 7.471989
-0.06314605 0.06158547 7.494534
-0.06279525 0.06965587 7.516793
-0.06244962 0.07563594 7.537506
-0.06180549 0.08406973 7.579579
-0.061493 0.08984572 7.600518
-0.06057867 0.09334528 7.622163
-0.06051984 0.0959055 7.643285
-0.05978199 0.09724465 7.66605
-0.05913943 0.09610598 7.710675
-0.05950288 0.09425873 7.732917
-0.05940469 0.0906609 7.753639
-0.05978382 0.08672327 7.776886
-0.06165884 0.08012241 7.802214
-0.06410216 0.06631255 7.850814
-0.06545562 0.05909586 7.875432
-0.06684731 0.05250314 7.899678
-0.06896693 0.04687163 7.9249
-0.07132779 0.04090056 7.949376
-0.07675038 0.03074509 8.00037
-0.08024064 0.02904093 8.026746
-0.08405475 0.02797544 8.051664
-0.0882158 0.02856362 8.078466
-0.09151757 0.02847496 8.105703
-0.09944489 0.04498157 8.160034
-0.1021435 0.05783987 8.186977
-0.105028 0.06009841 8.213114
-0.1074298 0.05563197 8.234075
-0.1080219 0.05227584 8.256831
-0.1068511 0.06105527 8.301355
-0.1063013 0.06745249 8.322925
-0.1057035 0.07058579 8.34494
-0.1064077 0.0739547 8.360699
-0.106519 0.07846957 8.382486
-0.1068706 0.08177632 8.429064
-0.1077481 0.08131924 8.450335
-0.1077602 0.07947096 8.47156
-0.1079874 0.0792897 8.493938
-0.1080744 0.07804585 8.515821
-0.1081767 0.07507157 8.562691
-0.1087317 0.07302049 8.585812
-0.1086557 0.06936044 8.609441
-0.108599 0.06607676 8.635892
-0.1076264 0.0611684 8.659979
-0.1041543 0.05023709 8.709916
-0.1020203 0.04475579 8.735596
-0.09924926 0.03995591 8.760805
-0.09594993 0.03786671 8.787777
-0.09212421 0.03606623 8.813442
-0.0827558 0.03239563 8.865118
-0.07672076 0.02857849 8.891007
-0.07193953 0.02852026 8.918064
-0.06749339 0.04153189 8.944563
-0.06339474 0.05386442 8.970197
-0.05710526 0.0509533 9.020198
-0.05585632 0.04827413 9.04287
-0.05547507 0.0539847 9.065861
-0.05499725 0.06263483 9.088881
-0.05465637 0.06767103 9.110662
-0.05515994 0.07447395 9.151503
-0.05513681 0.08239852 9.172937
-0.05493759 0.0879512 9.194446
-0.05492209 0.09171113 9.216011
-0.05508967 0.09412566 9.237612
-0.05646481 0.09762216 9.281196
-0.05765682 0.09789908 9.302152
-0.05856074 0.09549022 9.324999
-0.05952248 0.09218681 9.348305
-0.06051025 0.08810988 9.371967
-0.0629862 0.07699296 9.419194
-0.06436366 0.07039386 9.442341
-0.06631024 0.06318563 9.466879
-0.06758025 0.05703625 9.490817
-0.07013521 0.05143484 9.516094
-0.07632424 0.0431672 9.567517
-0.07916731 0.04104185 9.592594
-0.0833986 0.04028431 9.619142
-0.08794701 0.0401057 9.645851
-0.09271716 0.03890157 9.672619
-0.1008936 0.0487902 9.725508
-0.1029264 0.0615823 9.750511
-0.1058651 0.06359547 9.777503
-0.1063221 0.05779812 9.802478
-0.1072232 0.05421904 9.825569
-0.1056797 0.06498341 9.870028
-0.1040857 0.06874655 9.890479
-0.1028411 0.07280311 9.912327
-0.1002196 0.0783226 9.930336
-0.09976985 0.08532743 9.952262
-0.0997656 0.09221791 9.996764
-0.09871536 0.09144336 10.01439
-0.09864913 0.09140846 10.03568
-0.09797616 0.09086211 10.05596
-0.09824119 0.08995879 10.07792
-0.09929354 0.08638553 10.12381
-0.09815483 0.08396253 10.14727
-0.09808782 0.08014637 10.17112
-0.09805347 0.0746896 10.19355
-0.09768562 0.06969866 10.21791
-0.09656242 0.05811885 10.26594
-0.09492809 0.05085635 10.28811
-0.09307352 0.04576135 10.31351
-0.09093024 0.04238397 10.33729
-0.08771141 0.04173201 10.36306
-0.07813781 0.03991205 10.41496
-0.07255331 0.03717983 10.44029
-0.06837672 0.03789854 10.4669
-0.06467694 0.05031207 10.49171
-0.06142288 0.06121773 10.51712
-0.05743954 0.06009114 10.56616
-0.05724387 0.06042814 10.59208
-0.05758782 0.0659824 10.61574
-0.05932726 0.07559505 10.63914
-0.06578693 0.08796018 10.68757
-0.06859969 0.0933753 10.70877
-0.07016844 0.09903905 10.73133
-0.07189018 0.1031896 10.75407
-0.07380554 0.1058847 10.77673
-0.0758023 0.10724 10.79939
-0.08500411 0.1063274 10.84421
-0.08750404 0.1031455 10.86702
-0.09394589 0.09957257 10.89497
-0.09665793 0.09482491 10.91874
-0.1025453 0.08462146 10.96727
-0.1079174 0.07650837 10.98833
-0.1118851 0.07031894 11.0132
-0.11626 0.06315711 11.03671
-0.1210203 0.05741903 11.06188
-0.1278356 0.05526659 11.08858
-0.1407237 0.05167612 11.1399
-0.1473587 0.05272946 11.16633
-0.1561744 0.05537426 11.1882
-0.1632933 0.05746889 11.21485
-0.178623 0.07438558 11.26272
-0.1865949 0.08521479 11.2869
-0.1924605 0.08764923 11.31283
-0.1973281 0.08483893 11.33688
-0.2008471 0.08232629 11.35968
-0.2034507 0.08474585 11.38191
-0.210291 0.09473765 11.4299
-0.2117594 0.09917164 11.45141
-0.2133382 0.1067933 11.47277
-0.2153939 0.1142747 11.4942
-0.2204674 0.1213712 11.53598
-0.223057 0.1224819 11.55631
-0.2256213 0.1228898 11.57648
-0.2282474 0.123042 11.59677
-0.2308965 0.1227038 11.61742
-0.2360296 0.1194594 11.66026
-0.2384727 0.1161198 11.68231
-0.2407741 0.1112741 11.70472
-0.2428943 0.1055784 11.7276
-0.244746 0.09994331 11.75065
-0.2471496 0.08677799 11.79776
-0.2478663 0.08031178 11.82191
-0.2482168 0.07553768 11.84637
-0.2480148 0.07280225 11.87137
-0.2472195 0.07166356 11.89697
-0.2439483 0.07345831 11.94897
-0.2419496 0.07369483 11.97489
-0.2400182 0.07316864 12.00089
-0.238217 0.08024371 12.02667
-0.2369833 0.09463453 12.05011
-0.2362949 0.09449071 12.05034
-0.2349889 0.09263527 12.0528
-0.2330475 0.09174782 12.05394
-0.2308751 0.09247029 12.05302
-0.2298962 0.09236479 12.05312
-0.2320571 0.08850822 12.05773
-0.2336608 0.08770107 12.05862
-0.2344862 0.08762926 12.05868
-0.2344653 0.08793321 12.05835
-0.2340942 0.08839238 12.05785
-0.2338445 0.08915517 12.05699
-0.2341513 0.08937228 12.05674
-0.2345962 0.08979076 12.05623
-0.2349944 0.09041604 12.0555
-0.2353999 0.09112829 12.05463
-0.2347188 0.0927332 12.05267
-0.2622175 0.09358448 12.50817
-0.2659002 0.08818072 12.53344
-0.2685847 0.08379376 12.56051
-0.2726808 0.07852578 12.58628
-0.2801709 0.07146019 12.64002
-0.2833209 0.07076657 12.66818
-0.2884483 0.07011771 12.69446
-0.2924489 0.07036668 12.72231
-0.2978938 0.06948793 12.74833
-0.3084169 0.08543825 12.801
-0.3132616 0.09407651 12.82851
-0.3169215 0.09456539 12.85413
-0.3197102 0.09030908 12.88062
-0.3218276 0.08970273 12.90437
-0.3234879 0.09937888 12.95139
-0.3235161 0.1013836 12.97479
-0.3238585 0.1050424 12.99717
-0.3239974 0.1100824 13.01913
-0.3250909 0.1137681 13.0415
-0.3262818 0.1163338 13.08667
-0.326072 0.116498 13.1086
-0.3270785 0.1152567 13.13048
-0.326825 0.1145464 13.15331
-0.3280862 0.1128154 13.17616
-0.3269732 0.1100608 13.22338
-0.3272983 0.1060671 13.24787
-0.3261919 0.1021456 13.27275
-0.3260416 0.09716934 13.29754
-0.3246265 0.09165114 13.32304
-0.3208649 0.07725722 13.37475
-0.3187455 0.07150489 13.40035
-0.3156349 0.06712353 13.42821
-0.3123 0.06459743 13.45445
-0.3075771 0.06289577 13.4829
-0.2970713 0.06136835 13.53818
-0.2922199 0.05831796 13.56514
-0.2861975 0.05939019 13.59537
-0.2820681 0.07204425 13.62097
-0.2770631 0.07899559 13.64917
-0.2707835 0.07241124 13.70099
-0.2699662 0.07086545 13.72515
-0.2685324 0.07578197 13.74884
-0.2682881 0.08182752 13.77224
-0.267904 0.0854845 13.79427
-0.2679036 0.09677885 13.83696
-0.2678341 0.1030137 13.85881
-0.2676157 0.1087361 13.87949
-0.2676067 0.1129257 13.90109
-0.2672839 0.1159727 13.92016
-0.2679837 0.1167722 13.96247
-0.2688016 0.1159759 13.98478
-0.2693964 0.1143841 14.00638
-0.2702841 0.1120782 14.0299
-0.2714456 0.1079817 14.05258
-0.2745365 0.09556222 14.09934
-0.2763924 0.08938432 14.12386
-0.2782519 0.08228892 14.14787
-0.2807937 0.07591653 14.17287
-0.2836012 0.06929654 14.19803
-0.290803 0.0617587 14.24963
-0.294902 0.06093526 14.27588
-0.2993851 0.06030244 14.30242
-0.3040464 0.06015676 14.32913
-0.3086699 0.05892712 14.35602
-0.3170149 0.07521063 14.40882
-0.3201042 0.08416915 14.43525
-0.3233052 0.08371753 14.46157
-0.3260158 0.08021486 14.48598
-0.3277027 0.07945618 14.51015
-0.3294402 0.08874011 14.55628
-0.3299581 0.09128496 14.57867
-0.3297575 0.09487 14.60159
-0.3299564 0.1010843 14.62353
-0.3304184 0.1054328 14.64513
-0.3314582 0.1095086 14.68655
-0.3323129 0.1104476 14.70731
-0.3330764 0.1110002 14.72838
-0.3339548 0.1104663 14.74963
-0.3343211 0.1095439 14.77157
-0.3360512 0.1054866 14.81657
-0.3366184 0.1021159 14.83984
-0.3361955 0.09815103 14.86404
-0.3361655 0.09308457 14.88803
-0.3352333 0.08758432 14.91217
-0.3324518 0.07330999 14.96117
-0.3305931 0.06627646 14.98549
-0.3277134 0.06083572 15.01006
-0.3248989 0.05798855 15.03516
-0.3207759 0.05661106 15.06144
-0.3121803 0.05474681 15.11244
-0.3082226 0.05214089 15.13789
-0.3036346 0.05044401 15.1637
-0.3006601 0.06013137 15.18859
-0.2973372 0.07160151 15.21083
-0.2934699 0.07085276 15.2583
-0.2936197 0.06960833 15.28081
-0.293817 0.07503819 15.30286
-0.2947821 0.08343351 15.32442
-0.2953179 0.0884136 15.34567
-0.2971769 0.09797859 15.38535
-0.2980328 0.1042592 15.40596
-0.2976567 0.1087808 15.42765
-0.2982707 0.1118913 15.44858
-0.2983578 0.1138257 15.46745
-0.2993563 0.1137997 15.50789
-0.3007109 0.1119555 15.52972
-0.3010483 0.109288 15.54986
-0.3022966 0.1055433 15.5725
-0.3032717 0.1017414 15.59418
-0.3072296 0.09020263 15.64017
-0.3101961 0.08343792 15.66418
-0.3131544 0.07685572 15.68706
-0.3171203 0.07115585 15.71095
-0.3207046 0.06452924 15.73352
-0.3298004 0.05336982 15.78108
-0.3345751 0.05246219 15.80493
-0.3401856 0.05391467 15.83026
-0.3455222 0.05592924 15.85538
-0.3511557 0.05658144 15.88079
-0.3624484 0.06690282 15.93237
-0.3672436 0.07880288 15.95585
-0.371953 0.08159935 15.98138
-0.3761218 0.07912213 16.00515
-0.3792217 0.077443 16.02849
-0.3827449 0.08480692 16.07458
-0.3838562 0.08760858 16.09682
-0.3853046 0.08962357 16.11894
-0.3865634 0.09374255 16.14122
-0.3883771 0.09914196 16.16303
-0.3918235 0.1039375 16.20555
-0.3933157 0.1040105 16.22683
-0.395147 0.1032438 16.24734
-0.3968114 0.1017931 16.26796
-0.3986675 0.09986249 16.28888
-0.4021021 0.09490252 16.33271
-0.4033396 0.09135507 16.35608
-0.4047289 0.08682039 16.37923
-0.4058994 0.0819672 16.40287
-0.4069918 0.07747811 16.42679
-0.4077403 0.06691551 16.47627
-0.4074317 0.06062597 16.5021
-0.4069425 0.0557552 16.52754
-0.4056017 0.05161512 16.5538
-0.4014385 0.04702556 16.60707
-0.3986581 0.04657573 16.63391
-0.3948599 0.04544729 16.66187
-0.3916995 0.04498595 16.68945
-0.3884815 0.05281192 16.71742
-0.3829999 0.07119119 16.76981
-0.3813341 0.06859446 16.79485
-0.3802324 0.06488043 16.82055
-0.3807934 0.0673182 16.84468
-0.3808148 0.07521969 16.86924
-0.3827061 0.08265841 16.9147
-0.3843163 0.08584182 16.93682
-0.3847583 0.09200801 16.96088
-0.3856371 0.09747726 16.9836
-0.3866867 0.1017098 17.00862
-0.3895339 0.1040924 17.05495
-0.3913642 0.1031956 17.0779
-0.3919325 0.1018583 17.09953
-0.3937092 0.0989725 17.12305
-0.3947414 0.09596175 17.14642
-0.3966215 0.09141362 17.17081
-0.4011474 0.08089858 17.21878
-0.404543 0.07514638 17.24516
-0.4085349 0.06973743 17.27096
-0.4127304 0.06544435 17.29803
-0.4173856 0.06044066 17.32439
-0.4266678 0.05284137 17.377
-0.4320931 0.05135685 17.40437
-0.4374944 0.04983795 17.4314
-0.4423655 0.04822466 17.4565
-0.4525528 0.04942966 17.5116
-0.4578223 0.06223851 17.53743
-0.4630864 0.06858999 17.56553
-0.4677271 0.06713083 17.59105
-0.4715342 0.0636469 17.61613
-0.4764696 0.06981338 17.66236
-0.4773868 0.07425588 17.68404
-0.4782294 0.07776311 17.70635
-0.4782584 0.08477971 17.72767
-0.4786385 0.09279333 17.75118
-0.4802533 0.1015113 17.79591
-0.4815086 0.1037861 17.81673
-0.4818529 0.1041756 17.83904
-0.4831254 0.1037913 17.86018
-0.4887164 0.100876 17.88475
-0.4897683 0.09543703 17.93288
-0.4908241 0.09228031 17.95656
-0.4898511 0.09078203 17.9881
-0.4904114 0.0856481 18.01284
-0.4904853 0.08017898 18.0374
-0.4848165 0.06759527 18.08227
-0.4833761 0.0610956 18.1079
-0.4808583 0.05428492 18.13452
-0.4782094 0.05024806 18.16072
-0.4745538 0.04823789 18.18753
-0.4656016 0.04768398 18.24172
-0.4607526 0.04624721 18.2683
-0.4554488 0.04376172 18.29533
-0.4514145 0.04951686 18.32222
-0.4476717 0.0622018 18.34745
-0.4421259 0.0640505 18.39767
-0.4394558 0.06076591 18.42044
-0.4389433 0.06426264 18.44411
-0.4376044 0.07194376 18.46732
-0.4377754 0.07711717 18.49035
-0.4374213 0.08606097 18.52861
-0.4374227 0.09152135 18.5484
-0.4375547 0.09518547 18.57066
-0.4372348 0.09766188 18.5915
-0.4374692 0.09935872 18.61364
-0.437914 0.1003157 18.65693
-0.4381038 0.09922772 18.67912
-0.4386635 0.097468 18.70269
-0.4391186 0.09529251 18.72468
-0.4400572 0.09174696 18.74916
-0.442249 0.08153132 18.798
-0.443679 0.07609487 18.82211
-0.4456491 0.07047284 18.84777
-0.4477717 0.06484872 18.8726
-0.4505303 0.0585894 18.89868
-0.4572521 0.04775238 18.95114
-0.4614227 0.04577637 18.97765
-0.4660757 0.04596344 19.00508
-0.4708626 0.04653019 19.03166
-0.4758131 0.04543233 19.05844
-0.4854179 0.04926807 19.11088
-0.4897824 0.06474829 19.13499
-0.4933735 0.071742 19.16095
-0.4958358 0.07095104 19.1868
-0.4981282 0.06961495 19.21045
-0.5003309 0.07841098 19.25594
-0.500755 0.0813328 19.27849
-0.5008726 0.08437416 19.30017
-0.5009857 0.09018791 19.3226
-0.5018678 0.09618974 19.34394
-0.504878 0.1010424 19.38663
-0.5070586 0.1014811 19.40697
-0.508364 0.1013446 19.42722
-0.51021 0.1004418 19.44874
-0.5113622 0.09963163 19.46987
-0.513947 0.09579542 19.51538
-0.5151021 0.09217338 19.53912
-0.5156484 0.08783685 19.56238
-0.5163223 0.08292702 19.58632
-0.5164335 0.07787085 19.61028
-0.514876 0.06596056 19.66055
-0.5134202 0.06020582 19.68706
-0.5117778 0.05502394 19.71207
-0.5089622 0.05097252 19.73524
-0.5062551 0.04912314 19.76099
-0.4983867 0.04877609 19.81362
-0.4929655 0.04711735 19.83786
-0.4889575 0.04403156 19.86377
-0.4840984 0.04536369 19.88968
-0.480496 0.05846226 19.91419
-0.4740869 0.06439811 19.96553
-0.4718731 0.06053674 19.98796
-0.4715325 0.06158683 20.01136
-0.47069 0.06779945 20.03386
-0.4708576 0.07449114 20.05596
-0.4714236 0.08088963 20.09758
-0.470956 0.08795623 20.11872
-0.4713387 0.09438891 20.13994
-0.4705309 0.09839585 20.16048
-0.4709495 0.1020473 20.18178
-0.4720213 0.1050005 20.22356
-0.4723737 0.1042756 20.24553
-0.4734319 0.1021574 20.2676
-0.4734808 0.09919199 20.29021
-0.4746343 0.09583175 20.31313
-0.4769205 0.08662286 20.35874
-0.4773281 0.08020824 20.38078
-0.4795129 0.07416016 20.40496
-0.4817219 0.06753641 20.43015
-0.4847229 0.06146815 20.45447
-0.491231 0.04980102 20.50446
-0.4948427 0.04681475 20.52937
-0.4995137 0.04648909 20.55458
-0.5036311 0.04787284 20.58176
-0.5085705 0.04898143 20.60721
-0.5163933 0.04930285 20.6587
-0.5189649 0.05797881 20.68555
-0.5223923 0.07037312 20.7095
-0.524406 0.07346439 20.73552
-0.5267823 0.07216144 20.75949
-0.5305029 0.0747689 20.8045
-0.5303432 0.07888067 20.82712
-0.5307475 0.08121264 20.8493
-0.5299793 0.08433878 20.87148
-0.5303993 0.09017259 20.89322
-0.5307402 0.09528726 20.91479
-0.5321075 0.09911776 20.95819
-0.5317832 0.0994852 20.97953
-0.5325532 0.09883535 21.00027
-0.5323008 0.09805284 21.02285
-0.5330207 0.09508017 21.06862
-0.5334598 0.09223317 21.09128
-0.5336224 0.08903259 21.11666
-0.5336468 0.08409074 21.14021
-0.5332783 0.07976213 21.16652
-0.531436 0.0698683 21.21864
-0.5294367 0.06372738 21.24344
-0.5267203 0.05771244 21.26962
-0.5231925 0.05329648 21.29501
-0.5182158 0.05109584 21.3233
-0.5069476 0.04815644 21.37582
-0.5011389 0.04744065 21.40191
-0.4950856 0.04525548 21.42839
-0.4896785 0.04492581 21.45498
-0.4844948 0.05561841 21.48064
-0.4750187 0.07136524 21.53383
-0.4721653 0.06821024 21.55753
-0.4706416 0.06470603 21.58073
-0.4699938 0.06736577 21.60312
-0.4686581 0.07359499 21.62621
-0.4680888 0.08216864 21.67
-0.4680124 0.08769691 21.69157
-0.4674578 0.09450746 21.71148
-0.4671239 0.09979177 21.73294
-0.4654181 0.1036486 21.75757
-0.4645412 0.1086268 21.79972
-0.4645152 0.1097907 21.8212
-0.4630666 0.1099413 21.84484
-0.463061 0.1092117 21.86721
-0.4621168 0.1075985 21.88941
-0.4614659 0.1011652 21.93679
-0.4626508 0.09554243 21.96088
-0.4641921 0.08915573 21.98681
-0.4663535 0.08253282 22.01125
-0.4681283 0.0747599 22.03606
-0.4725498 0.0593183 22.08624
-0.4752131 0.05357692 22.11183
-0.4781538 0.04912779 22.1376
-0.4814512 0.04756632 22.16419
-0.488406 0.04798913 22.21758
-0.4921114 0.04661137 22.24329
-0.4959703 0.04976517 22.27105
-0.4997853 0.06235033 22.29528
-0.5024391 0.07014531 22.32119
-0.5042925 0.06863666 22.34507
-0.5047496 0.06368354 22.38925
-0.5038836 0.06732297 22.41118
-0.5026842 0.0720326 22.43126
-0.5015078 0.07537949 22.45243
-0.5006484 0.08064519 22.4725
-0.499561 0.0921049 22.51211
-0.4996337 0.09495614 22.53278
-0.4994349 0.09720869 22.55206
-0.4994393 0.09826459 22.57251
-0.4990874 0.09776243 22.61305
-0.499285 0.09688048 22.63306
-0.4989017 0.09498659 22.65498
-0.4976033 0.09319744 22.67714
-0.4967248 0.08993605 22.70012
-0.4932989 0.08185041 22.74888
-0.4908693 0.07793599 22.77393
-0.4884717 0.07299912 22.79847
-0.4856805 0.06819677 22.82577
-0.4825543 0.06244034 22.85079
-0.4783072 0.05761975 22.87559
-0.4687539 0.05141795 22.92688
-0.4640826 0.04943329 22.95285
-0.4583435 0.04621172 22.9794
-0.4535138 0.04189682 23.00502
-0.4484137 0.03762573 23.03177
-0.4411481 0.05634546 23.07875
-0.4381929 0.05651641 23.10409
-0.4350606 0.05256644 23.12625
-0.4332035 0.05221677 23.14907
-0.4307796 0.05959213 23.1708
-0.4277219 0.07362199 23.21251
-0.4273888 0.07690179 23.23317
-0.4262531 0.08177328 23.25161
-0.4261176 0.08694036 23.27194
-0.4243456 0.09550904 23.31089
-0.4233347 0.09907228 23.3309
-0.4232587 0.1012715 23.35213
-0.4225973 0.1019319 23.37204
-0.4226776 0.1012318 23.39412
-0.4217005 0.0973658 23.43935
-0.4218695 0.09351349 23.46162
-0.4216373 0.08839703 23.48633
-0.4225361 0.08223069 23.51108
-0.4229123 0.07554078 23.53701
-0.4262823 0.06169748 23.58559
-0.4286344 0.05452299 23.6109
-0.4306273 0.04813337 23.63695
-0.4334955 0.04312217 23.66298
-0.4360059 0.04067081 23.68851
-0.4426934 0.04018992 23.73966
-0.4466608 0.03944999 23.76623
-0.4508946 0.03843182 23.79121
-0.4548004 0.04316133 23.81833
-0.4572549 0.05726564 23.84539
-0.4629563 0.06087351 23.89471
-0.4645078 0.05624789 23.9173
-0.4657318 0.05820119 23.93781
-0.4661529 0.06503266 23.96018
-0.4661115 0.07074171 23.98028
-0.4660934 0.07656071 24.02289
-0.4665161 0.08297578 24.04399
-0.4674963 0.08830607 24.06366
-0.4681743 0.09101436 24.08451
-0.468382 0.09270771 24.10532
-0.4688767 0.09347314 24.14636
-0.4689813 0.09229997 24.16742
-0.4686179 0.09063024 24.1884
-0.4685126 0.08817157 24.21074
-0.4681372 0.08505419 24.23343
-0.4664997 0.0777781 24.28015
-0.4654066 0.07295626 24.30447
-0.4635953 0.06815594 24.32789
-0.461579 0.06237561 24.35264
-0.4583147 0.05608183 24.3776
-0.451945 0.04579985 24.42854
-0.4483267 0.04243904 24.45362
-0.4438283 0.03999996 24.47882
-0.4396313 0.03903168 24.50404
-0.4362189 0.03782874 24.52883
-0.4279426 0.0423243 24.57971
-0.4243283 0.05704087 24.60385
-0.4216597 0.06368303 24.62809
-0.4193263 0.0617795 24.65158
-0.4186178 0.055861 24.6735
-0.4191437 0.05469558 24.69476
-0.4214266 0.06774265 24.73683
-0.422575 0.07185093 24.75689
-0.4237261 0.07804306 24.77723
-0.4236287 0.0864366 24.79705
-0.4226595 0.09749112 24.83779
-0.4231991 0.1003289 24.85798
-0.4223845 0.1011648 24.87957
-0.4232726 0.1012743 24.90021
-0.422526 0.100477 24.92202
-0.4242429 0.09666896 24.96839
-0.4258394 0.09323257 24.99112
-0.4282635 0.0891127 25.0112
-0.4308155 0.08400977 25.03467
-0.4330154 0.07780886 25.05817
-0.4396454 0.06411129 25.10659
-0.4436531 0.05786318 25.13084
-0.4473064 0.05219156 25.15578
-0.4518558 0.04694039 25.18079
-0.4548953 0.04210848 25.20541
-0.4654813 0.03974384 25.25721
-0.471283 0.04067111 25.28328
-0.477551 0.04424268 25.30753
-0.4828679 0.05570823 25.33338
-0.4881517 0.06920385 25.35337
-0.4964415 0.07047677 25.39867
-0.4985608 0.06659174 25.41904
-0.5006887 0.06708694 25.43336
-0.5015682 0.07256538 25.4531
-0.5005494 0.07710481 25.47036
-0.5013828 0.09067529 25.51019
-0.5028841 0.09830475 25.53014
-0.5047566 0.1039129 25.55124
-0.5070577 0.1061794 25.57094
-0.5085992 0.1071823 25.59135
-0.5140621 0.1057111 25.63101
-0.5162147 0.1052316 25.65093
-0.5168874 0.105092 25.67457
-0.5185217 0.1035118 25.69591
-0.5216594 0.09917176 25.71981
-0.5218835 0.09008408 25.76556
-0.5224292 0.0848062 25.78848
-0.522379 0.0763098 25.81198
-0.522176 0.06904399 25.8351
-0.5218098 0.0601263 25.85715
-0.5174189 0.04872942 25.90532
-0.5148641 0.04648542 25.92921
-0.5136254 0.0473659 25.95577
-0.5133467 0.04676616 25.97994
-0.5096735 0.04634285 26.00438
-0.5042349 0.04496443 26.05148
-0.5026492 0.05589044 26.07392
-0.5001214 0.06367862 26.09797
-0.4982042 0.06408191 26.12195
-0.4973969 0.06108332 26.14387
-0.4996611 0.06349993 26.18647
-0.5003463 0.07090652 26.20712
-0.5013084 0.0758608 26.22759
-0.5022662 0.07880741 26.24747
-0.5035487 0.08415678 26.26699
-0.5053487 0.09261343 26.30523
-0.5068864 0.09491596 26.32415
-0.507961 0.09756437 26.34405
-0.509271 0.09728408 26.36334
-0.5107087 0.0974744 26.38358
-0.5130733 0.09475315 26.42581
-0.5156013 0.0933966 26.44982
-0.5173211 0.09057546 26.47241
-0.5206521 0.08654308 26.49648
-0.5233158 0.08110356 26.52022
-0.530826 0.06878984 26.56617
-0.5334495 0.06278741 26.58934
-0.5373317 0.05571485 26.61346
-0.5405242 0.04712892 26.63657
-0.5450341 0.04218024 26.66111
-0.5556988 0.03978497 26.71099
-0.5612378 0.04080898 26.73675
-0.5674956 0.04043752 26.76151
-0.5710421 0.03988338 26.79027
-0.5769221 0.04312688 26.81515
-0.5863584 0.06320095 26.8621
-0.5878903 0.06149995 26.88559
-0.5907655 0.05860311 26.90615
-0.5843619 0.05589795 26.92755
-0.5850032 0.05956888 26.94847
-0.5799887 0.06546944 26.99231
-0.5728906 0.06279778 27.01278
-0.5743603 0.06753939 27.03254
-0.5677652 0.06485397 27.05478
-0.5700681 0.06600845 27.07467
-0.5695147 0.06236511 27.11684
-0.567882 0.05799109 27.14054
-0.5698646 0.05644393 27.16088
-0.5704441 0.05472541 27.18426
-0.57222 0.05323553 27.20578
-0.5747721 0.0480364 27.25382
-0.5752519 0.04329753 27.27825
-0.5759613 0.0381887 27.30188
-0.5746652 0.0325309 27.32714
-0.571763 0.01996267 27.37739
-0.5704923 0.01356161 27.40213
-0.5694023 0.01031053 27.43252
-0.5674403 0.006014466 27.45795
-0.5654616 0.005144119 27.4883
-0.562086 0.003343582 27.51408
-0.5544853 0.0002526045 27.57013
-0.550963 -0.0008829832 27.5999
-0.547419 0.006438494 27.62561
-0.544426 0.0214411 27.65451
-0.541657 0.02643728 27.68111
-0.5392674 0.02002943 27.73212
-0.5392658 0.01990235 27.75731
-0.5394419 0.02677488 27.78017
-0.5393353 0.03386927 27.80405
-0.5398055 0.0361231 27.82565
-0.5406083 0.04359019 27.86999
-0.5404428 0.0485549 27.8928
-0.54054 0.05119199 27.9144
-0.5407573 0.0533976 27.93694
-0.5411152 0.05377179 27.95856
-0.541671 0.05272782 28.00382
-0.5421373 0.05194211 28.02772
-0.542626 0.05001271 28.05122
-0.5436876 0.04782712 28.07564
-0.5469435 0.03914702 28.12527
-0.5491957 0.03356469 28.15034
-0.5526327 0.02950788 28.17587
-0.5556648 0.02358139 28.20095
-0.5595222 0.0185461 28.22619
-0.5676413 0.008622825 28.27697
-0.5717371 0.005880654 28.30273
-0.576623 0.00629729 28.32944
-0.5815585 0.007517338 28.35617
-0.5860224 0.008438468 28.38322
-0.5959055 0.0134387 28.43839
-0.6004882 0.02606666 28.46378
-0.6042117 0.03206348 28.49058
-0.6072598 0.03130186 28.51619
-0.6096005 0.02936327 28.53992
-0.611303 0.03612363 28.58582
-0.6113286 0.0404411 28.6071
-0.6109841 0.04235452 28.6287
-0.6106228 0.04623169 28.65013
-0.6109361 0.0524956 28.67157
-0.6126496 0.05986047 28.71293
-0.6144187 0.06125012 28.73333
-0.6159136 0.06184351 28.75399
-0.6170483 0.0617595 28.77524
-0.6183571 0.06083924 28.79649
-0.6206722 0.0574311 28.84077
-0.6212553 0.05489945 28.86332
-0.6217321 0.05158764 28.88649
-0.6210842 0.04737449 28.90934
-0.6207437 0.0430212 28.93336
-0.6159912 0.03500152 28.97711
-0.6136622 0.03028631 29.00067
-0.6112212 0.02571964 29.02548
-0.6077768 0.02190149 29.04786
-0.6044854 0.01967335 29.07258
-0.600212 0.01943982 29.09604
-0.5901443 0.01869965 29.13821
-0.5858273 0.01723826 29.16344
-0.5808995 0.02197623 29.18316
-0.5774291 0.0344429 29.20631
-0.5701059 0.03911471 29.24915
-0.5684145 0.03558314 29.26805
-0.5683811 0.0362587 29.29018
-0.5674874 0.0412004 29.30922
-0.5678091 0.04627466 29.33049
-0.5683799 0.05305576 29.36893
-0.5678623 0.05816698 29.3873
-0.5679313 0.06235909 29.40781
-0.567062 0.06504732 29.42644
-0.5670046 0.067397 29.44707
-0.5665805 0.0697093 29.46627
-0.5673276 0.07109457 29.50753
-0.5682225 0.07023966 29.52918
-0.5690405 0.06891155 29.55052
-0.5702109 0.06635141 29.57325
-0.5735294 0.05822289 29.61916
-0.5759627 0.05254483 29.64218
-0.578917 0.046875 29.66613
-0.5811353 0.04073858 29.68895
-0.584424 0.03532052 29.71338
-0.5917332 0.02552152 29.76278
-0.5957163 0.02288616 29.78691
-0.6004053 0.02305853 29.81206
-0.6053847 0.0240258 29.83816
-0.6105902 0.02457905 29.86326
-0.6205529 0.02599239 29.91388
-0.6249939 0.03755224 29.93771
-0.629378 0.04614007 29.9616
-0.6328844 0.04482687 29.98559
-0.6364706 0.04061961 30.00725
-0.6414587 0.04124725 30.05123
-0.6427367 0.04617405 30.07229
-0.6439327 0.04975307 30.09266
-0.6451194 0.05347037 30.11398
-0.6468391 0.05955791 30.13426
-0.6506764 0.06593865 30.1756
-0.6520619 0.06621921 30.19545
-0.6539396 0.06654233 30.21465
-0.6549588 0.06736311 30.23253
-0.656693 0.06730083 30.25242
-0.6597515 0.06528187 30.29551
-0.6610235 0.06307977 30.3187
-0.6622939 0.06011492 30.34062
-0.6629801 0.05607927 30.3651
-0.663828 0.05091286 30.3878
-0.6639434 0.04074466 30.43599
-0.663618 0.0357933 30.46369
-0.6629304 0.03008604 30.48786
-0.6613071 0.02500999 30.51328
-0.6597558 0.02074301 30.538
-0.6529323 0.01678288 30.58602
-0.6486397 0.01596451 30.6131
-0.6444807 0.0150044 30.63836
-0.640012 0.01256084 30.6633
-0.6360317 0.01480627 30.68863
-0.6213676 0.03755009 30.72298
-0.6167122 0.03726983 30.74176
-0.6147738 0.03472483 30.7634
-0.6132985 0.03625774 30.78439
-0.6129284 0.04380476 30.8058
-0.6122583 0.05176961 30.84648
-0.6117039 0.05389184 30.86601
-0.6113888 0.05873471 30.8853
-0.6100719 0.0630731 30.90473
-0.6088029 0.06634092 30.92502
-0.6071778 0.07169676 30.96555
-0.606654 0.07308388 30.98572
-0.6058606 0.07300735 31.00669
-0.6055058 0.07179376 31.02752
-0.6049364 0.06978205 31.04917
-0.6049085 0.06338078 31.0934
-0.6058761 0.05892569 31.11586
-0.6074255 0.05388767 31.1389
-0.6098792 0.04885846 31.16174
-0.6124161 0.04393661 31.18501
-0.6189225 0.03204459 31.23104
-0.6224562 0.02646649 31.25413
-0.6259325 0.02234927 31.27802
-0.6296242 0.02072403 31.30169
-0.6336536 0.02109152 31.32651
-0.6414753 0.02366167 31.37627
-0.645138 0.02297652 31.40062
-0.6481947 0.02554196 31.428
-0.6517405 0.03721595 31.45207
-0.6543097 0.04576778 31.4788
-0.6580899 0.0415293 31.52691
-0.658808 0.04071915 31.54951
-0.6589416 0.04414511 31.5722
-0.6588308 0.04887855 31.5938
-0.6586824 0.05076915 31.61631
-0.658659 0.05821431 31.65836
-0.65917 0.0625186 31.6792
-0.6605302 0.06439096 31.70085
-0.6614652 0.06479976 31.72123
-0.6625494 0.06509691 31.74211
-0.6639726 0.06500028 31.78378
-0.6642075 0.06482697 31.80511
-0.6636735 0.06409329 31.82953
-0.6633545 0.06270909 31.85197
-0.6615415 0.05963153 31.87785
-0.6587638 0.05104649 31.92695
-0.6576523 0.04623735 31.95088
-0.6560833 0.0420059 31.97503
-0.6542232 0.03720605 31.99972
-0.6490252 0.03253162 32.02853
-0.642712 0.02437198 32.07949
-0.6390669 0.02255678 32.10496
-0.6340742 0.02239335 32.13077
-0.6294461 0.02226138 32.15639
-0.6239551 0.02157581 32.18169
-0.6142351 0.01719725 32.2315
-0.609885 0.02463698 32.25556
-0.6058785 0.03484046 32.27847
-0.602349 0.03765845 32.3032
-0.5991327 0.03777289 32.32588
-0.5960073 0.04413092 32.37271
-0.5951641 0.04915142 32.39527
-0.5942631 0.05187035 32.41656
-0.5941713 0.05442107 32.43811
-0.5936414 0.0585314 32.4598
-0.5929441 0.06431997 32.50349
-0.5927864 0.06587929 32.52487
-0.5931824 0.06836528 32.54604
-0.5934398 0.06917095 32.56817
-0.5946764 0.06973362 32.59175
-0.596411 0.06703758 32.63806
-0.5974923 0.06452513 32.66207
-0.5991825 0.06168485 32.68747
-0.60128 0.05755794 32.71212
-0.6039049 0.05331433 32.73849
-0.6093464 0.04256344 32.78857
-0.6122013 0.03649366 32.81363
-0.615205 0.03031957 32.83874
-0.6187683 0.02481353 32.86392
-0.6223258 0.0212388 32.88918
-0.6314856 0.02087057 32.9397
-0.6362104 0.02220488 32.96542
-0.6405169 0.02169406 32.98943
-0.6450953 0.02056694 33.01525
-0.6499498 0.02750707 33.04182
-0.6577048 0.04176474 33.09106
-0.6607015 0.03930616 33.11482
-0.6624655 0.03849447 33.13849
-0.6631973 0.04133189 33.16151
-0.6636972 0.04262352 33.18093
-0.6644739 0.0498122 33.22486
-0.6655966 0.05607152 33.24617
-0.6675671 0.06100404 33.26391
-0.669319 0.06409502 33.28465
-0.6712746 0.06632602 33.30294
-0.6742581 0.06816524 33.34145
-0.6760685 0.0683223 33.36169
-0.6769276 0.06664419 33.3821
-0.6779529 0.06543836 33.40336
-0.6786706 0.06352347 33.42559
-0.6782914 0.05674636 33.47285
-0.6778905 0.05262017 33.4973
-0.6773541 0.04809284 33.52145
-0.6773782 0.0458895 33.54921
-0.6762403 0.04039443 33.57408
-0.6725982 0.02855325 33.62566
-0.6702732 0.02392471 33.65266
-0.6676697 0.02111673 33.67867
-0.6642775 0.0203867 33.70401
-0.6609404 0.01979351 33.73013
-0.6531476 0.01354802 33.78024
-0.6490428 0.01205826 33.80694
-0.6460876 0.02137959 33.83191
-0.6429975 0.03069305 33.85537
-0.6404835 0.03120589 33.8808
-0.6384839 0.02906764 33.92907
-0.6381605 0.03231871 33.95252
-0.6383877 0.03610039 33.97577
-0.6384943 0.03902853 33.99872
-0.639272 0.04282981 34.02107
-0.6395031 0.05284148 34.06207
-0.6390469 0.05600196 34.08255
-0.6394287 0.05921474 34.10479
-0.63922 0.06196144 34.12732
-0.6398033 0.06322533 34.17278
-0.6409154 0.06251532 34.19598
-0.641494 0.0622009 34.22055
-0.642836 0.06031919 34.2448
-0.6436337 0.05716193 34.2695
-0.6479086 0.0456748 34.32027
-0.6511111 0.03929329 34.34576
-0.6538389 0.0323149 34.37147
-0.6571491 0.02494407 34.39669
-0.6605226 0.01805317 34.42218
-0.6676607 0.009684086 34.47417
-0.6720068 0.01008987 34.50048
-0.6761944 0.0111481 34.52784
-0.6811827 0.01189446 34.55405
-0.6861711 0.009992599 34.58155
-0.6957421 0.02048254 34.63448
-0.6997269 0.03175282 34.65884
-0.7032558 0.03132892 34.6812
-0.7058046 0.02813196 34.70475
-0.7072508 0.02807999 34.72762
-0.7081538 0.03978574 34.77221
-0.7080728 0.04436314 34.79357
-0.7082046 0.04997754 34.81622
-0.7082596 0.05661523 34.83704
-0.7087317 0.06156886 34.85881
-0.7094642 0.06416464 34.87951
-0.7107652 0.06828314 34.92189
-0.7113466 0.06958681 34.94324
-0.7118367 0.06898868 34.96399
-0.7121944 0.06833911 34.98661
-0.7127364 0.06311989 35.03178
-0.7131426 0.05961025 35.05534
-0.7130039 0.05592108 35.07941
-0.7129003 0.05097771 35.10388
-0.7121989 0.04521704 35.12921
-0.709743 0.0322125 35.18028
-0.7082142 0.02622867 35.20579
-0.7059486 0.02120602 35.23232
-0.7033794 0.0170598 35.25809
-0.6998178 0.01320505 35.28419
-0.6883324 0.008867145 35.34086
-0.6835665 0.00566721 35.36657
-0.6778934 0.001870275 35.39447
-0.6739233 0.01052356 35.41993
-0.6698142 0.02279902 35.44427
-0.6638275 0.02174783 35.49525
-0.6628714 0.02178884 35.51901
-0.6621282 0.02839899 35.5434
-0.6620224 0.03628135 35.5658
-0.6633555 0.04073358 35.58577
-0.6644377 0.04950446 35.62794
-0.6644033 0.05682415 35.64888
-0.6645483 0.06253177 35.66959
-0.6644208 0.06631416 35.69056
-0.6640564 0.06986916 35.71066
-0.6625757 0.07375801 35.7532
-0.6621546 0.07315135 35.77502
-0.6613844 0.07253611 35.79649
-0.6612755 0.07009888 35.81924
-0.661516 0.06855869 35.84155
-0.6643496 0.0601542 35.88924
-0.6673887 0.05404258 35.91349
-0.6706592 0.0480125 35.93774
-0.6747807 0.04211044 35.96201
-0.6792146 0.03605843 35.98607
-0.6892856 0.02361858 36.03436
-0.694747 0.0201602 36.05911
-0.7004511 0.02021921 36.08406
-0.7066846 0.02045131 36.1086
-0.7127335 0.02110517 36.13353
-0.724864 0.02144051 36.18395
-0.7305954 0.03415012 36.20767
-0.7354063 0.04368734 36.23181
-0.7400002 0.04197693 36.25492
-0.7431041 0.03789043 36.27763
-0.7444006 0.03832006 36.31833
-0.744785 0.03936327 36.33997
-0.7450354 0.03984499 36.36015
-0.7452173 0.04345971 36.38062
-0.7463138 0.05028331 36.40089
-0.7500525 0.05986047 36.43942
-0.7522023 0.06159079 36.45948
-0.7543353 0.06283787 36.47882
-0.7562185 0.06358677 36.49744
-0.7582551 0.06436422 36.5169
-0.7614025 0.06471345 36.55546
-0.7624448 0.06300896 36.57362
-0.7637359 0.06047028 36.59482
-0.7646406 0.05618858 36.61509
-0.7652466 0.0520494 36.63712
-0.7659416 0.04271364 36.685
-0.7655003 0.03669536 36.7091
-0.76515 0.03005445 36.73267
-0.7641858 0.02427256 36.7561
-0.7632 0.01997483 36.78044
-0.7597313 0.01514316 36.83058
-0.7547168 0.01717007 36.86234
-0.7518067 0.01724124 36.88843
-0.7483019 0.01714611 36.91702
-0.7454264 0.01611078 36.94353
-0.7399793 0.03532386 36.99569
-0.7370555 0.03938007 37.02151
-0.7356358 0.03756475 37.04557
-0.7352529 0.03404915 37.06763
-0.7360523 0.03511715 37.08932
-0.7374293 0.04788446 37.1322
-0.7380153 0.05232483 37.15216
-0.7389287 0.0592702 37.17283
-0.7390205 0.06760657 37.19334
-0.7395339 0.07339609 37.21397
-0.7408367 0.07886499 37.25389
-0.7415389 0.07964534 37.27343
-0.7424973 0.08004338 37.29354
-0.7432967 0.07998896 37.31379
-0.7444928 0.07964742 37.33524
-0.7463646 0.07614851 37.37827
-0.7477193 0.07262218 37.40043
-0.7499542 0.06817818 37.42347
-0.7525544 0.06301308 37.44601
-0.7558783 0.0572629 37.46937
-0.7627338 0.04495466 37.51384
-0.7665929 0.03946388 37.53691
-0.7705549 0.03378236 37.56007
-0.7743075 0.02929366 37.58347
-0.7782483 0.02718961 37.6073
-0.7862149 0.02739096 37.65567
-0.7907782 0.02759409 37.68026
-0.7953668 0.02730262 37.70513
-0.799962 0.03301179 37.7311
-0.803624 0.04625106 37.7541
-0.8107322 0.04813242 37.80099
-0.8135711 0.04430604 37.82348
-0.8149178 0.0446862 37.84451
-0.8149024 0.04722941 37.86384
-0.8145518 0.0506444 37.88369
-0.8144976 0.06231081 37.92224
-0.8146437 0.07036757 37.94164
-0.8155428 0.07558107 37.96121
-0.8163598 0.07847762 37.98096
-0.8175069 0.08024359 37.9999
-0.8197423 0.0805496 38.03679
-0.8204883 0.08016533 38.05698
-0.8213199 0.0794515 38.07705
-0.821986 0.07803744 38.09783
-0.8226343 0.07533169 38.11875
-0.8235645 0.0664748 38.16137
-0.8233023 0.0619849 38.18369
-0.8233839 0.05688167 38.20573
-0.822506 0.05129433 38.2274
-0.8217466 0.04491174 38.25019
-0.8188521 0.03356254 38.29467
-0.8163323 0.03030348 38.31701
-0.8136537 0.02870286 38.34057
-0.8098177 0.02880836 38.36434
-0.8061579 0.03009129 38.38858
-0.7962013 0.03225851 38.4361
-0.7925078 0.0408442 38.46067
-0.788946 0.05214882 38.48391
-0.7859565 0.05574369 38.50858
-0.7841471 0.05441546 38.53196
-0.7826454 0.05127406 38.57574
-0.7822691 0.05586672 38.59708
-0.7817339 0.06103051 38.61861
-0.781756 0.06483793 38.63927
-0.7815762 0.06891155 38.66055
-0.7807629 0.07848573 38.70171
-0.7804859 0.08120036 38.72135
-0.7800121 0.08311832 38.74243
-0.7799051 0.08464527 38.76192
-0.7798728 0.08602202 38.78382
-0.7796556 0.08663392 38.82539
-0.7799386 0.0859108 38.84645
-0.7801871 0.08518672 38.86935
-0.7811767 0.08291888 38.89129
-0.7839765 0.07443404 38.93781
-0.7856088 0.06883144 38.96192
-0.7876715 0.06221628 38.9844
-0.7894617 0.05476141 39.00861
-0.7916087 0.04801345 39.03139
-0.7936597 0.04336238 39.05612
-0.7983967 0.03891087 39.10426
-0.8013186 0.03929853 39.12878
-0.8046361 0.04022551 39.15437
-0.8083129 0.04088783 39.17934
-0.8119209 0.03903127 39.20371
-0.8169859 0.04551697 39.25267
-0.8191 0.0527308 39.27512
-0.821205 0.05360079 39.30067
-0.8231043 0.05270362 39.32322
-0.823308 0.05483246 39.34706
-0.8232239 0.06388259 39.39107
-0.8235533 0.06689596 39.41232
-0.823384 0.07130837 39.43416
-0.8237424 0.07669115 39.4548
-0.8256877 0.08072889 39.49713
-0.826855 0.08117592 39.51785
-0.8278583 0.08124304 39.53789
-0.8288074 0.08119869 39.55882
-0.8295084 0.0807941 39.57939
-0.8308294 0.07959008 39.62297
-0.8311315 0.07828307 39.64629
-0.8310089 0.07482731 39.66919
-0.8311983 0.07098031 39.69247
-0.8306044 0.0670867 39.71605
-0.8276967 0.05973601 39.76423
-0.8251037 0.05454516 39.7888
-0.8222701 0.04918051 39.81324
-0.8191313 0.04461694 39.83728
-0.8153432 0.04139757 39.86152
-0.8066393 0.0388248 39.90951
-0.8019792 0.03843737 39.93328
-0.7970718 0.03663421 39.95747
-0.7928801 0.03492618 39.98177
-0.7889267 0.04151392 40.00547
-0.7822285 0.05340409 40.04864
-0.7791308 0.04929113 40.07594
-0.7772409 0.04968119 40.09822
-0.7749388 0.05539322 40.11875
-0.7734972 0.06139469 40.13979
-0.7713763 0.06812286 40.17989
-0.7702551 0.07474494 40.20126
-0.7698317 0.07959092 40.22129
-0.768891 0.08343554 40.23339
-0.7687087 0.08683932 40.25373
-0.7667207 0.09014833 40.29011
-0.7664608 0.09004068 40.31031
-0.7667451 0.08911645 40.33162
-0.7670289 0.08808422 40.35366
-0.7676077 0.08639693 40.37619
-0.7698097 0.08032918 40.42262
-0.7708976 0.07569313 40.44557
-0.7728839 0.06931472 40.46926
-0.7747426 0.06263661 40.49314
-0.7770283 0.05546117 40.51673
-0.781973 0.04259706 40.56438
-0.785176 0.0380435 40.58868
-0.7891653 0.03621745 40.61355
-0.793442 0.03596783 40.63855
-0.7981509 0.03645897 40.66427
-0.8067884 0.03173828 40.71499
-0.8111237 0.03127122 40.74075
-0.8151811 0.04146552 40.76349
-0.8182233 0.04819846 40.78745
-0.8205924 0.04840875 40.8115
-0.8221833 0.04928207 40.8561
-0.8227328 0.05473137 40.87771
-0.8230693 0.05821848 40.89838
-0.8229453 0.06069005 40.91875
-0.8227533 0.06441724 40.93867
-0.8231677 0.0746758 40.97932
-0.8235018 0.07832587 40.99937
-0.8239189 0.08001792 41.02139
-0.8242124 0.08036602 41.04147
-0.8245955 0.07885158 41.06322
-0.8247916 0.07584673 41.08372
-0.8244922 0.06851739 41.12941
-0.8243489 0.06620228 41.1536
-0.8240713 0.06242621 41.17671
-0.824102 0.05931818 41.20071
-0.8229933 0.05162883 41.25042
-0.8218343 0.0464704 41.2749
-0.8204609 0.04150987 41.30096
-0.8185666 0.03598237 41.32567
-0.8162822 0.0309515 41.35178
-0.8105673 0.02438545 41.4035
-0.8072451 0.02355742 41.42899
-0.8037859 0.02244616 41.45615
-0.8000449 0.01935339 41.48134
-0.7965275 0.01862109 41.50859
-0.7904238 0.03859663 41.55871
-0.7882853 0.03849006 41.58366
-0.7869025 0.03426814 41.609
-0.7867643 0.03380644 41.6319
-0.7863812 0.04001498 41.65571
-0.7864187 0.05060041 41.70033
-0.787324 0.05486465 41.72104
-0.7875902 0.0615859 41.74324
-0.7879686 0.06758744 41.76403
-0.787736 0.0723474 41.78757
-0.7877274 0.07742733 41.83137
-0.7884603 0.07779878 41.85223
-0.7891133 0.0766362 41.87541
-0.7900133 0.07460976 41.89716
-0.7908251 0.07174051 41.92214
-0.793008 0.06571114 41.97162
-0.7949732 0.06226099 41.99585
-0.797226 0.05805767 42.02273
-0.8001183 0.05299354 42.0475
-0.8032397 0.0470264 42.07423
-0.8100154 0.03468752 42.12479
-0.8140074 0.02818274 42.14941
-0.8177747 0.02350473 42.17527
-0.8220325 0.02156329 42.20044
-0.826579 0.02154922 42.22626
-0.8363118 0.0211885 42.27831
-0.840584 0.02047479 42.30451
-0.8439528 0.02954924 42.33006
-0.8469567 0.04001355 42.35402
-0.8484779 0.04125595 42.38625
-0.8516409 0.03919971 42.43628
-0.852006 0.04262614 42.45908
-0.8523222 0.0474838 42.48303
-0.8521634 0.05075932 42.50484
-0.8526028 0.05703175 42.52737
-0.8536477 0.0722245 42.56929
-0.8547698 0.07589948 42.59029
-0.8560199 0.07896209 42.61112
-0.8573138 0.07994854 42.63143
-0.8591189 0.08091062 42.65269
-0.862468 0.08036995 42.69469
-0.8636253 0.07911694 42.71653
-0.8646132 0.07765162 42.73952
-0.8654813 0.07459676 42.76251
-0.8660072 0.0712539 42.7866
-0.8658392 0.06428337 42.83539
-0.8649255 0.05969095 42.86005
-0.8633856 0.05401993 42.88531
-0.861505 0.04801583 42.91053
-0.8589409 0.04242969 42.93562
-0.8530617 0.03541422 42.98685
-0.8495249 0.03327608 43.01292
-0.8446833 0.03126979 43.03897
-0.8403147 0.02904677 43.06512
-0.8356709 0.02679229 43.09167
-0.8274696 0.04722118 43.14188
-0.8244432 0.04851198 43.16833
-0.8227273 0.04425693 43.19247
-0.8228939 0.04147196 43.21552
-0.8232446 0.04299033 43.23714
-0.8245869 0.05291927 43.2797
-0.8255736 0.05746019 43.30071
-0.8256821 0.06413817 43.32158
-0.8259022 0.07267392 43.34241
-0.8260928 0.07917702 43.36242
-0.8276094 0.08783937 43.40388
-0.8285193 0.09050155 43.42417
-0.829756 0.09198833 43.44494
-0.8307299 0.09270597 43.46764
-0.8318129 0.09190357 43.48932
-0.8341982 0.08789468 43.53555
-0.8357958 0.08424592 43.55817
-0.8374951 0.07927465 43.58189
-0.8396536 0.07320404 43.6069
-0.842177 0.06617308 43.63106
-0.8480953 0.05155945 43.67878
-0.8514171 0.04400814 43.70229
-0.8548617 0.03743148 43.72649
-0.8586413 0.03253484 43.7518
-0.8627638 0.03022695 43.77658
-0.8716731 0.0294863 43.82775
-0.876744 0.02844751 43.85004
-0.880926 0.02745366 43.8755
-0.8849128 0.03670573 43.89976
-0.8881447 0.04861999 43.92361
-0.8931308 0.04834652 43.97025
-0.8933978 0.0469383 43.9929
-0.8933783 0.05130184 44.01455
-0.8926286 0.05693543 44.03663
-0.8920278 0.06096065 44.05767
-0.8908166 0.07378578 44.09892
-0.8907863 0.07934117 44.1188
-0.8913015 0.08301306 44.13882
-0.8920633 0.08589333 44.16169
-0.8924029 0.08735412 44.18124
-0.8894562 0.08868456 44.21957
-0.8889595 0.08770078 44.24081
-0.888462 0.08552456 44.26184
-0.8876053 0.0831483 44.28399
-0.8869539 0.07992637 44.30614
-0.884637 0.07107127 44.35291
-0.8828548 0.06656361 44.37621
-0.8808984 0.06106699 44.39975
-0.8783175 0.05510163 44.42364
-0.8727637 0.044227 44.47193
-0.8695745 0.04110277 44.49617
-0.8657447 0.03985858 44.52097
-0.8617436 0.04044473 44.54583
-0.8572116 0.04154491 44.57117
-0.8476942 0.03953063 44.62129
-0.8435373 0.04166532 44.64659
-0.839432 0.05107176 44.67057
-0.8359863 0.05663872 44.69457
-0.8332512 0.05478215 44.71841
-0.8311733 0.05092204 44.76162
-0.8311367 0.05613136 44.78273
-0.8310442 0.06107259 44.80379
-0.8314052 0.06460559 44.82365
-0.8312942 0.0703032 44.84393
-0.830798 0.07832503 44.86354
-0.8295418 0.08950734 44.90352
-0.8294468 0.09367335 44.92363
-0.8297027 0.09724748 44.94315
-0.8300526 0.09986055 44.9635
-0.8311083 0.1010082 45.00389
-0.8317526 0.1007345 45.02525
-0.8322408 0.09988475 45.04765
-0.8328005 0.09781909 45.0704
-0.8336912 0.09421825 45.09383
-0.836956 0.08449745 45.14209
-0.839598 0.07901669 45.16679
-0.8426195 0.07299018 45.19187
-0.846112 0.0661521 45.21685
-0.8489536 0.05892181 45.24189
-0.8555599 0.048311 45.29143
-0.8596455 0.04628444 45.31678
-0.8638201 0.0460515 45.34233
-0.8682814 0.04622102 45.36805
-0.8728182 0.04451299 45.39418
-0.877425 0.04710007 45.4203
-0.8850141 0.06430316 45.46902
-0.887423 0.06162786 45.49416
-0.8888426 0.05707121 45.51644
-0.8898149 0.05635357 45.53788
-0.8906778 0.06747055 45.5796
-0.8905057 0.07206488 45.59992
-0.8911251 0.0779345 45.61975
-0.8918914 0.08566332 45.63961
-0.8934029 0.09128881 45.65905
-0.8962092 0.09746099 45.69784
-0.8974074 0.09888899 45.7171
-0.8986863 0.09916544 45.73763
-0.8997135 0.09774792 45.75732
-0.9008 0.09630495 45.77847
-0.9023408 0.09248281 45.81749
-0.9028455 0.08967364 45.83963
-0.9030108 0.08672357 45.86078
-0.9029305 0.08328724 45.884
-0.9024342 0.07879448 45.90723
-0.9001968 0.06750774 45.95462
-0.8979362 0.06088877 45.97943
-0.8962788 0.05630755 46.0033
-0.8929503 0.05189633 46.02781
-0.8899931 0.04958963 46.05244
-0.8821024 0.0476439 46.10246
-0.8777657 0.04577065 46.12804
-0.8737053 0.04244661 46.15267
-0.8696865 0.04357314 46.17814
-0.8665677 0.05417705 46.20085
-0.8608246 0.0584507 46.24794
-0.8588582 0.05452681 46.26748
-0.8582699 0.05355394 46.28918
-0.8576691 0.05702066 46.31191
-0.8580006 0.0626514 46.3323
-0.8586332 0.07069796 46.37337
-0.8587916 0.07728505 46.39413
-0.8592234 0.0839327 46.41388
-0.8594859 0.08890712 46.43428
-0.8597337 0.09262055 46.4542
-0.8606037 0.09715784 46.4955
-0.8609817 0.09707713 46.51741
-0.861441 0.09683847 46.53882
-0.8619592 0.09638846 46.5611
-0.8627574 0.09511173 46.58389
-0.8641346 0.09132791 46.62748
-0.8660872 0.0870676 46.65262
-0.8686679 0.08139563 46.67699
-0.871958 0.074754 46.70322
-0.8753375 0.06795907 46.72771
-0.8827062 0.05465961 46.777
-0.8865545 0.04784179 46.8022
-0.8903486 0.0442555 46.82699
-0.8947644 0.0422442 46.85154
-0.8992417 0.04091048 46.87678
-0.908281 0.03622627 46.92838
-0.9124069 0.03811502 46.95356
-0.9162269 0.04929233 46.97643
-0.9217923 0.05550075 47.00125
-0.9248005 0.05419993 47.02475
-0.9283191 0.05695248 47.06979
-0.9299865 0.06348133 47.09053
-0.9302423 0.06763673 47.11104
-0.9308555 0.07049084 47.13181
-0.9306901 0.07633102 47.15141
-0.9313031 0.08906764 47.19012
-0.9313825 0.09226805 47.20967
-0.9314611 0.09420025 47.22894
-0.9312661 0.09529459 47.24842
-0.9313222 0.09417802 47.26788
-0.9306791 0.08995757 47.30783
-0.9301556 0.08711803 47.32766
-0.9299217 0.0840686 47.34886
-0.929312 0.08038282 47.3707
-0.9286846 0.07673883 47.39302
-0.9264965 0.06852067 47.43845
-0.9246305 0.06410718 47.46204
-0.9230086 0.05938983 47.48569
-0.920539 0.0542798 47.50928
-0.918228 0.05032873 47.53355
-0.9119987 0.04394293 47.5819
-0.9082531 0.04175115 47.60661
-0.904615 0.04039121 47.63165
-0.9005396 0.03701878 47.6572
-0.8973596 0.03343749 47.68234
-0.8917081 0.04605556 47.73228
-0.8889493 0.04896832 47.75778
-0.8873404 0.0464344 47.78128
-0.8860548 0.04252672 47.80321
-0.8853447 0.04458976 47.82437
-0.8850296 0.05776215 47.86741
-0.8852459 0.06197596 47.88914
-0.8859265 0.06868422 47.90856
-0.8863952 0.07668066 47.92973
-0.8868141 0.0833087 47.95108
-0.8877884 0.09120417 47.99007
-0.8883997 0.09416783 48.01162
-0.8891501 0.09532738 48.03136
-0.8900129 0.09583473 48.05334
-0.8908632 0.09514427 48.07465
-0.8928276 0.09259367 48.12151
-0.8944429 0.09000564 48.14632
-0.896866 0.08535385 48.17053
-0.8999727 0.0804193 48.1972
-0.9032962 0.07405853 48.22196
-0.9108341 0.06099224 48.27346
-0.91537 0.05559564 48.30003
-0.9202541 0.05090547 48.32679
-0.9250009 0.04564476 48.35223
-0.9301738 0.04153538 48.37897
-0.9405034 0.0368166 48.4328
-0.9456382 0.03410149 48.45853
-0.9506904 0.03156686 48.4868
-0.9554387 0.03967977 48.51262
-0.9588726 0.0519824 48.53846
-0.9646034 0.04906607 48.58874
-0.9655418 0.04496694 48.61079
-0.9660851 0.04723024 48.63278
-0.9662116 0.05405307 48.65408
-0.9656909 0.0583061 48.67653
-0.9640126 0.07254958 48.72189
-0.9647243 0.07980669 48.74249
-0.9655076 0.08402693 48.76391
-0.9666648 0.08764875 48.78399
-0.9679261 0.09002757 48.80382
-0.9698563 0.08890152 48.84758
-0.9706646 0.0870586 48.86824
-0.9714756 0.08521509 48.89011
-0.9718617 0.0823648 48.91196
-0.972209 0.07952273 48.93501
-0.9686575 0.06879187 48.98816
-0.9677273 0.06357884 49.01192
-0.9656149 0.05885506 49.03753
-0.9636327 0.05230594 49.06189
-0.9613065 0.04693127 49.08752
-0.9554903 0.03867888 49.13759
-0.9520228 0.03610325 49.16313
-0.9485435 0.03512144 49.18821
-0.9446295 0.03346491 49.21413
-0.941082 0.03233933 49.23847
-0.9331819 0.02946997 49.2896
-0.9296334 0.03957891 49.31431
-0.9268974 0.04670668 49.33881
-0.9247167 0.0448575 49.36403
-0.9241505 0.03935552 49.38683
-0.9253575 0.03755498 49.42837
-0.926152 0.04374981 49.44888
-0.9271028 0.04908228 49.46933
-0.9282418 0.05595696 49.48951
-0.9297441 0.06478679 49.50999
-0.931447 0.08047628 49.55074
-0.9327557 0.08632684 49.57088
-0.9342526 0.09125519 49.59157
-0.9359114 0.09450388 49.6119
-0.9376003 0.09663129 49.63388
-0.9414245 0.09701073 49.67671
-0.9430588 0.09550738 49.69937
-0.9448696 0.09372044 49.72138
-0.9464579 0.09004474 49.74528
-0.948894 0.08540511 49.76963
-0.9554108 0.0734868 49.81982
-0.9591535 0.06720448 49.84502
-0.9634825 0.0603683 49.86939
-0.9678334 0.05318046 49.89463
-0.9779869 0.04295588 49.94476
-0.9840774 0.04016638 49.96996
-0.9898216 0.03898811 49.99557
-0.9957696 0.03766823 50.02145
-1.001388 0.03613973 50.04687
-1.007017 0.04007745 50.07409
-1.016461 0.05817437 50.1224
-1.020221 0.05548716 50.14597
-1.023483 0.05072975 50.16782
-1.02494 0.0508213 50.18932
-1.025558 0.06337595 50.23204
-1.025256 0.06821847 50.25418
-1.024581 0.07626462 50.27401
-1.024948 0.08576679 50.29411
-1.025325 0.09229767 50.31353
-1.026319 0.09694731 50.33335
-1.027251 0.1030548 50.37244
-1.027531 0.1035201 50.39174
-1.028396 0.1033243 50.41165
-1.028455 0.1012576 50.43186
-1.029184 0.09500146 50.47421
-1.029723 0.09221232 50.49993
-1.029696 0.0881021 50.52252
-1.029297 0.08362865 50.54615
-1.028326 0.07766747 50.56924
-1.024638 0.06364107 50.61666
-1.021884 0.05787587 50.64063
-1.018492 0.05371547 50.66543
-1.01467 0.05067801 50.68974
-1.010302 0.04813576 50.71463
-0.9994404 0.04506302 50.7655
-0.9929599 0.0430336 50.79152
-0.9867927 0.04145455 50.81686
-0.9809971 0.04366493 50.84279
-0.9757557 0.05541253 50.86686
-0.9672863 0.06334496 50.91531
-0.9655408 0.06129098 50.93689
-0.9645971 0.06111169 50.95845
-0.9638159 0.06635809 50.9788
-0.9629888 0.07234192 50.99929
-0.9627295 0.08130527 51.03928
-0.9624926 0.08812666 51.0583
-0.9621971 0.0945574 51.0785
-0.962045 0.09937227 51.09736
-0.9622661 0.1031499 51.11694
-0.9630044 0.1081669 51.15501
-0.9632264 0.1088299 51.17441
-0.9634363 0.1092565 51.19514
-0.9634832 0.1087592 51.21568
-0.963914 0.1084809 51.23701
-0.965326 0.1045575 51.28078
-0.9665838 0.1002874 51.30334
-0.9687074 0.09554696 51.32667
-0.9706731 0.08975482 51.34956
-0.9730705 0.08340096 51.37341
-0.9780607 0.06831431 51.41999
-0.9805492 0.06110477 51.44372
-0.9832286 0.05647278 51.46801
-0.9859271 0.05449605 51.49245
-0.9892114 0.0549562 51.51754
-0.996142 0.05434942 51.56873
-0.9993384 0.05556417 51.59505
-1.002659 0.06697416 51.62013
-1.004553 0.07778549 51.64467
-1.006365 0.07820988 51.67054
-1.0061 0.07280779 51.71748
-1.004319 0.07550573 51.73955
-1.002772 0.08036804 51.76228
-1.000688 0.08507323 51.78381
-0.9993642 0.08914518 51.80643
-0.9970031 0.1020532 51.85031
-0.9962726 0.1063282 51.87178
-0.996078 0.1097338 51.89216
-0.9953357 0.1105807 51.91294
-0.9945059 0.1105702 51.9339
-0.9919938 0.1086128 51.97555
-0.9905792 0.1075119 51.99755
-0.9891756 0.1062975 52.02028
-0.9872602 0.1038263 52.0433
-0.9856064 0.1012826 52.06699
-0.9778705 0.09134293 52.11502
-0.9750168 0.08715963 52.13904
-0.9715732 0.08132124 52.16301
-0.9682806 0.07472706 52.18733
-0.965302 0.06804681 52.21095
-0.958075 0.06081247 52.2594
-0.9533936 0.05938554 52.28376
-0.9497968 0.05923343 52.3072
-0.9443776 0.05785322 52.3315
-0.9409121 0.05452561 52.35558
-0.9329835 0.06412721 52.40183
-0.9290455 0.07226324 52.42486
-0.9267809 0.0728488 52.44836
-0.9243465 0.07155132 52.47068
-0.9226674 0.07289171 52.49257
-0.9206429 0.08251476 52.53504
-0.9202029 0.08589649 52.5554
-0.9206341 0.09041905 52.57619
-0.9203007 0.09677064 52.59625
-0.9202013 0.1015015 52.61731
-0.919719 0.1072154 52.65837
-0.9194952 0.1084878 52.67897
-0.9204956 0.108847 52.70001
-0.9204344 0.1079897 52.72149
-0.9210364 0.1070004 52.74429
-0.9219945 0.1041183 52.79095
-0.9227089 0.1016057 52.81488
-0.9253182 0.0981636 52.83987
-0.9275061 0.09382057 52.86446
-0.9301628 0.08824253 52.88938
-0.9358833 0.0758667 52.93968
-0.9394387 0.07059765 52.96443
-0.9437602 0.06543159 52.99034
-0.9478675 0.06216574 53.01568
-0.9525321 0.06144333 53.04155
-0.9625643 0.0628283 53.09401
-0.967783 0.06189394 53.11963
-0.9725941 0.05784249 53.14636
-0.9777255 0.05701184 53.17202
-0.9826845 0.06445479 53.19695
-0.9902311 0.06502461 53.24734
-0.9924726 0.06340122 53.2711
-0.9940514 0.06555033 53.29629
-0.9948096 0.069309 53.31921
-0.9961687 0.07222104 53.3434
-0.997197 0.08178687 53.38872
-0.9985355 0.08814073 53.4118
-0.9992576 0.0921129 53.43284
-1.001093 0.09495962 53.45702
-1.001786 0.09814233 53.47782
-1.004098 0.1022143 53.52188
-1.00593 0.102726 53.54446
-1.006731 0.1025388 53.56631
-1.008592 0.1013318 53.59179
-1.009111 0.09937036 53.61454
-1.010118 0.09357917 53.6628
-1.010324 0.08964539 53.68879
-1.009266 0.08425927 53.71298
-1.008518 0.07765174 53.73872
-1.006479 0.07011724 53.76319
-1.001559 0.05727029 53.81446
-0.99872 0.05318284 53.84116
-0.9946613 0.05114055 53.86656
-0.9866831 0.0514257 53.89869
-0.9816834 0.04980373 53.92435
-0.9710284 0.04467988 53.97956
-0.9669214 0.05243921 54.00576
-0.9637793 0.06355762 54.0295
-0.9610679 0.06475663 54.05479
-0.9592578 0.06145239 54.07861
-0.9582169 0.06988215 54.12317
-0.9588383 0.07572937 54.14301
-0.9591126 0.07936049 54.16409
-0.9604074 0.08350587 54.18369
-0.9612405 0.09053981 54.20441
-0.9631403 0.09970307 54.24455
-0.9644107 0.1023088 54.26428
-0.9647926 0.104355 54.28487
-0.9659293 0.1053181 54.30563
-0.9664115 0.1058353 54.32689
-0.9682363 0.1050403 54.37139
-0.9699658 0.1041198 54.39449
-0.9709892 0.1021373 54.41806
-0.9732905 0.09844851 54.44181
-0.975176 0.09384322 54.46627
-0.9818052 0.08161163 54.51642
-0.9857151 0.07536602 54.54144
-0.9888872 0.06883168 54.56596
-0.9930486 0.06226754 54.5916
-0.9970738 0.05728912 54.61655
-1.006187 0.05225801 54.66792
-1.011582 0.05142999 54.69349
-1.016396 0.0492022 54.71903
-1.022131 0.04727149 54.74416
-1.026943 0.051826 54.77095
-1.034867 0.07268357 54.81963
-1.038028 0.07061315 54.84718
-1.039047 0.06808138 54.87119
-1.039037 0.0706296 54.89524
-1.037821 0.07595563 54.91771
-1.034441 0.08296108 54.96483
-1.032975 0.09027517 54.99036
-1.031871 0.09841061 55.01144
-1.03169 0.1030507 55.0331
-1.031466 0.1057999 55.05354
-1.031158 0.1085265 55.09427
-1.031546 0.1096144 55.11769
-1.031452 0.1094878 55.13803
-1.032163 0.1092856 55.16189
-1.032232 0.1078804 55.18333
-1.032908 0.1036786 55.22876
-1.032752 0.1000644 55.25128
-1.031859 0.096223 55.27399
-1.030997 0.09219694 55.29857
-1.029128 0.08730245 55.3216
-1.024283 0.07603383 55.36773
-1.02172 0.07106757 55.39482
-1.018291 0.06676507 55.41801
-1.013194 0.06340861 55.43923
-1.003593 0.05783105 55.48341
-0.9994304 0.05222201 55.50665
-0.9956394 0.04952788 55.52869
-0.9929597 0.05822015 55.5507
-0.9866414 0.06845522 55.56422
-0.9843876 0.06857586 55.5856
-0.9820738 0.06897187 55.62563
-0.9821297 0.07584643 55.64552
-0.9825037 0.08117867 55.66425
-0.983479 0.08450925 55.68201
-0.9856915 0.09356803 55.71706
-0.9861961 0.09726185 55.73455
-0.9867002 0.09965646 55.75138
-0.987083 0.1008947 55.76886
-0.9878207 0.101271 55.78632
-0.9899638 0.09819582 55.82094
-0.9919119 0.09569544 55.83887
-0.993365 0.09324199 55.85686
-0.9956245 0.09093833 55.87408
-0.9977206 0.08850908 55.89167
-1.002911 0.0809927 55.92661
-1.006182 0.0766924 55.94444
-1.009042 0.07258344 55.96181
-1.012329 0.06853861 55.97867
-1.015712 0.06621728 55.99637
-1.023854 0.06233066 56.03138
-1.028911 0.05977843 56.04766
-1.033404 0.05799933 56.06398
-1.038454 0.05491084 56.07948
-1.04298 0.05215838 56.09554
-1.051799 0.06596607 56.12326
-1.056058 0.07363433 56.1382
-1.059439 0.0794152 56.15179
-1.062891 0.08297503 56.16639
-1.065177 0.08504897 56.17908
-1.068616 0.09391931 56.20291
-1.069595 0.09892252 56.21349
-1.070024 0.1026012 56.22436
-1.071025 0.1047312 56.23232
-1.07188 0.1062201 56.24201
-1.074742 0.1079734 56.26072
-1.076154 0.1096323 56.26817
-1.077196 0.110886 56.27666
-1.078458 0.1113111 56.28278
-1.079524 0.1106147 56.28984
-1.082083 0.1088768 56.30122
-1.083159 0.1092286 56.30746
-1.083606 0.1098241 56.31319
-1.083941 0.1095591 56.31588
-1.084007 0.1086271 56.32065
-1.083771 0.1052974 56.32781
-1.082975 0.1039205 56.33027
-1.081777 0.103242 56.33359
-1.080169 0.1027007 56.33557
-1.078384 0.1043249 56.33952
-1.074399 0.1109769 56.34824
-1.071928 0.1103232 56.34941
-1.069942 0.1102681 56.35323
-1.067733 0.1086431 56.35427
-1.065843 0.1083277 56.35796
-1.061661 0.1032325 56.35921
-1.060338 0.102103 56.36267
-1.058983 0.1012208 56.3659
-1.057747 0.09997685 56.36849
-1.05661 0.09884433 56.37116
-1.054417 0.09473342 56.37225
-1.053537 0.0937798 56.37373
-1.052628 0.09228098 56.37499
-1.051428 0.08969283 56.37422
-1.050524 0.08848095 56.37534
-1.049071 0.08631229 56.37735
-1.04859 0.08461523 56.378
-1.048337 0.08226132 56.37827
-1.049236 0.08026481 56.37953
-1.048985 0.07964635 56.3797
-1.047811 0.07875657 56.37905
-1.04694 0.07849884 56.3784
-1.045702 0.07885575 56.37785
-1.046848 0.07962704 56.38098
-1.045486 0.08088064 56.38087
-1.042549 0.08474517 56.38131
-1.040974 0.08646786 56.38202
-1.039594 0.0880847 56.38223
-1.038129 0.08935457 56.38232
-1.036857 0.09003162 56.38206
-1.034428 0.09284663 56.382
-1.033224 0.09528661 56.38185
-1.032944 0.09652257 56.3816
-1.03293 0.09632671 56.38094
-1.032385 0.09577465 56.38023
-1.031893 0.09792066 56.37971
-1.032722 0.09796166 56.37992
-1.03304 0.09782863 56.37955
-1.032947 0.09891796 56.37925
-1.032525 0.1006975 56.37881
-1.029026 0.1039531 56.37849
-1.027623 0.1048756 56.3778
-1.025122 0.1048996 56.37637
-1.024125 0.1065507 56.37893
-1.022289 0.1064599 56.37798
-1.023065 0.1047308 56.37728
-1.023851 0.1040232 56.37743
-1.024712 0.102957 56.37778
-1.026004 0.1017909 56.37841
-1.027444 0.1005478 56.37932
-1.030243 0.09794962 56.38258
-1.031141 0.09630585 56.38399
-1.032563 0.0947634 56.38593
-1.03407 0.09313411 56.38713
-1.035608 0.0917713 56.38861
-1.03763 0.09003927 56.39104
-1.039133 0.08867134 56.3916
-1.041925 0.0870415 56.39414
-1.042698 0.08656889 56.39397
-1.043369 0.08753586 56.3946
-1.046149 0.08884633 56.39709
-1.047501 0.08867593 56.39701
-1.048806 0.08833313 56.39735
-1.05018 0.08815865 56.39725
-1.051784 0.08788033 56.39758
-1.05454 0.08750419 56.39783
-1.055476 0.08772428 56.39791
-1.057007 0.08849651 56.39983
-1.05785 0.08891686 56.39994
-1.058254 0.08898138 56.40042
-1.058569 0.08878855 56.40055
-1.058764 0.08902055 56.4005
-1.059029 0.08901249 56.40092
-1.058932 0.08923905 56.40113
-1.058672 0.08917904 56.4017
-1.058492 0.08894134 56.40286
-1.058264 0.08869079 56.4033
-1.058357 0.08828881 56.40403
-1.058302 0.0880772 56.40435
-1.058221 0.08780966 56.40514
-1.057711 0.08750902 56.4061
-1.057502 0.08739676 56.40625
-1.057439 0.08733141 56.40676
-1.05723 0.08732674 56.40659
-1.057153 0.08744224 56.40712
-1.05651 0.08790213 56.40723
-1.056125 0.08796132 56.40681
-1.055788 0.08790788 56.40725
-1.055328 0.08779398 56.40669
-1.055247 0.08780101 56.40703
-1.054855 0.08814386 56.40699
-1.054751 0.08836621 56.40662
-1.054849 0.08867294 56.40692
-1.054746 0.08857316 56.40644
-1.054782 0.08853698 56.40675
-1.054729 0.08857042 56.40675
-1.054636 0.08849061 56.40637
-1.054875 0.08868027 56.40676
-1.055008 0.08864033 56.40642
-1.055387 0.08868575 56.40682
-1.056132 0.08837229 56.40705
-1.056431 0.0881539 56.40666
-1.056967 0.08826068 56.40736
-1.057362 0.08826295 56.40696
-1.05797 0.08830768 56.40752
-1.058594 0.08836001 56.40767
-1.058814 0.08825403 56.4072
-1.059124 0.088368 56.40753
-1.059299 0.08821225 56.40698
