356.1222 180.0951 357.4804
356.038 180.0786 357.4681
356.0045 180.0663 357.3834
356.0035 180.0438 357.2863
355.9637 180.0318 357.2891
355.8879 180.0034 357.3158
355.5412 179.9405 357.3102
355.2994 179.9191 357.291
355.1205 179.8926 357.3213
354.9753 179.859 357.3559
354.8839 179.8329 357.4331
354.5732 179.801 357.4245
354.4987 179.7887 357.3768
354.4594 179.7289 357.4363
354.482 179.6305 357.5129
354.4189 179.5033 357.5461
354.0474 179.3109 357.4638
353.8961 179.208 357.4294
353.8223 179.0358 357.4389
353.8018 178.7606 357.4627
353.8941 178.4241 357.4993
353.9163 177.7735 357.7565
353.892 177.4507 357.81
353.8724 177.1583 357.8169
353.8671 176.8994 357.8414
353.9076 176.6388 357.9918
354.0163 176.0786 358.2385
353.9862 175.8487 358.2821
353.9478 175.6482 358.2649
353.9256 175.4752 358.2812
353.9742 175.323 358.3466
354.3715 175.1003 358.3351
354.7881 174.9192 358.4024
355.0559 174.7275 358.3571
355.0497 174.5347 358.0559
354.7205 174.3737 357.5875
354.8384 174.103 356.8467
355.0984 173.989 356.7923
355.3216 173.9428 356.6672
355.4528 173.9685 356.4566
355.6055 174.0699 356.4155
356.1835 174.316 356.622
356.2255 174.4421 356.6725
356.1227 174.5392 356.6472
355.9713 174.5912 356.6864
355.8729 174.5426 356.8049
356.1295 174.2099 356.998
356.4894 173.979 357.1409
356.7642 173.7172 357.2919
356.8742 173.4207 357.4415
356.9254 173.0896 357.5166
357.2082 172.4917 357.3811
357.451 172.2111 357.3214
357.5446 172.0162 357.3393
357.4827 171.9441 357.367
357.2723 171.9642 357.3539
356.5624 172.1151 357.0081
356.2378 172.1949 356.7401
356.1375 172.2652 356.5704
356.0858 172.3807 356.4577
355.922 172.8768 356.3035
355.8915 173.2001 356.2071
354.7967 173.5149 356.5705
354.0332 173.6983 357.2143
354.2945 173.717 357.6871
355.1347 173.6504 357.7451
355.9958 173.613 357.3608
355.4572 173.6942 357.2736
354.904 173.8122 357.2729
354.6504 173.9341 357.3055
354.5533 174.2135 357.2235
354.5988 174.4078 357.3633
354.8785 174.6059 357.589
355.346 174.8247 357.6534
355.8897 175.0787 357.5309
356.9517 175.6399 357.2628
357.1879 175.7923 357.2124
357.189 175.8725 357.1983
357.0663 175.9441 357.169
356.8149 176.0167 357.0273
356.1737 176.1843 356.5045
355.8621 176.2081 356.2646
355.6496 176.1945 355.9683
355.5889 176.1834 355.6753
355.5343 176.1805 355.4393
355.5163 176.0355 355.1132
355.566 175.8989 355.0431
355.4834 175.7965 355.1731
355.1817 175.7279 355.4952
354.7868 175.6749 355.8822
354.0501 175.4948 356.5507
354.1112 175.2869 356.7493
354.4254 175.0123 356.7929
353.2713 175.0306 356.4086
352.4474 175.1966 355.9582
352.9902 175.4126 355.6602
353.191 175.4568 355.2739
352.9492 175.5184 354.7781
353.1586 175.5064 354.4928
354.047 175.4023 354.4412
354.997 175.222 354.6359
355.218 175.0477 355.1615
355.1081 175.0143 355.2463
355.093 174.925 355.4013
355.15 174.7256 355.6496
355.3989 174.1296 356.4242
355.4308 173.8832 356.7954
355.2177 173.6895 357.1223
354.8462 173.5455 357.4187
354.3578 173.4202 357.6443
353.4119 173.2311 358.0848
353.1216 173.1417 358.319
352.9886 173.1354 358.476
353.0454 173.1605 358.6025
353.2164 173.177 358.6302
353.6181 173.2217 358.3164
353.6122 173.2658 358.1686
353.5141 173.3428 358.0825
353.3526 173.4705 357.9559
353.197 173.6493 357.854
353.5806 174.0538 357.7032
351.9284 174.36 357.7092
351.2228 174.5394 357.9098
351.8951 174.5041 358.4822
353.1746 174.47 359.1913
352.7746 174.786 359.3567
352.1016 175.2528 358.9076
352.1051 175.7986 358.2407
352.3187 176.3042 357.6917
352.377 176.7336 357.2211
352.7023 177.4072 356.954
353.0739 177.646 357.0125
353.4054 177.849 356.9735
353.6041 178.0439 356.7242
353.6207 178.2381 356.4212
353.0856 178.5604 355.8763
352.7426 178.6928 355.8148
352.334 178.8042 355.8575
351.9629 178.909 355.909
351.7409 178.9828 356.0303
351.5786 178.9644 356.4807
351.6533 178.8594 356.6534
351.7713 178.6916 356.7879
351.8879 178.534 356.889
351.9743 178.3999 356.9962
351.7764 178.1722 357.4607
351.5165 178.0922 357.6624
351.6852 177.9922 357.7263
352.9104 177.7432 357.6737
352.9174 177.5082 357.5175
350.682 177.6178 356.8921
352.0919 177.5968 356.5833
353.4432 177.6468 355.8964
353.3061 177.789 354.9027
352.8777 177.9637 354.334
354.674 177.7033 355.0076
355.0948 177.4533 355.7681
354.8197 177.3192 356.2482
354.3366 177.32 356.3667
354.043 177.3339 356.2384
354.0312 177.1566 356.1228
354.0289 176.9681 356.3771
353.9168 176.7177 356.8506
353.6725 176.4875 357.3583
353.2035 176.3209 357.6909
352.1469 176.1804 357.6544
351.8028 176.0754 357.7095
351.5974 175.9104 357.8855
351.5915 175.7004 358.1101
351.8383 175.44 358.3772
352.6606 175.1252 358.5735
352.8683 175.1153 358.4069
352.9163 175.1862 358.2247
352.7519 175.3154 358.0775
352.4567 175.5147 357.9413
353.747 175.8657 357.7302
352.1689 176.0862 357.9184
350.6969 176.1908 358.049
350.4353 176.1069 358.3112
351.1069 175.8715 358.797
351.9656 175.6436 359.4329
352.0369 175.807 359.2188
352.6943 176.1452 358.7359
353.3897 176.4608 358.2735
353.4634 176.7449 357.8654
353.7419 177.2628 357.3306
354.315 177.4483 357.3676
354.9974 177.5458 357.4048
355.5941 177.605 357.3508
355.7861 177.6556 357.2421
355.1577 177.6964 356.9845
354.686 177.7122 356.6673
354.1179 177.7595 356.3276
353.5953 177.7957 356.1068
353.2199 177.7941 356.0896
352.7661 177.7626 356.2002
352.7264 177.6733 356.1086
352.8666 177.4935 356.006
353.0927 177.2335 355.9767
353.3576 176.9547 356.1171
353.0368 176.4798 356.7592
352.4384 176.3698 357.1448
352.2833 176.248 357.4405
352.9226 176.0662 357.5478
351.1916 176.122 357.1902
349.1752 176.7742 356.558
350.5814 177.0404 356.232
352.957 177.0752 355.8106
354.6708 176.9369 355.4611
354.6045 176.3474 355.6737
354.9779 175.8744 356.4295
355.1951 175.3765 357.0284
354.8516 175.0081 357.2753
354.4552 174.7346 357.1049
354.3719 174.486 356.7526
354.8125 173.9458 356.7261
354.9918 173.6714 357.0175
354.9664 173.4725 357.404
354.6435 173.3447 357.7632
354.0984 173.2788 358.0636
352.7996 173.3082 358.3991
352.4113 173.4089 358.4464
352.2487 173.4847 358.5641
352.1054 173.5412 358.7117
352.1346 173.6808 358.9247
352.3391 173.7716 359.0722
352.3918 173.9425 359.1429
352.0566 174.1651 358.9889
351.6098 174.3725 358.7432
351.3793 174.4976 358.6117
352.3499 174.6475 358.4505
352.3481 174.6993 358.4843
350.2961 174.6236 358.7263
349.7308 174.3977 359.3202
351.0254 174.0451 0.08115207
354.6522 174.0416 0.6391163
354.1467 174.4693 0.230664
353.6462 175.0287 359.5774
353.8623 175.5335 358.9113
353.1355 176.3051 357.9492
353.0326 176.5545 357.528
353.3674 176.6955 357.3998
353.97 176.7254 357.4135
354.5323 176.7189 357.4702
354.7262 176.6774 357.4783
354.0257 176.6226 357.3824
353.4945 176.6116 357.2426
352.912 176.5932 357.1151
352.292 176.5745 357.1219
351.7973 176.4908 357.2886
351.5988 176.1513 357.8042
351.9616 175.9636 358.1269
352.4656 175.792 358.4072
352.8386 175.6605 358.585
352.5883 175.4713 358.9951
352.0536 175.4131 359.3156
351.6015 175.3291 359.5977
351.622 175.215 359.6769
352.6005 175.0269 359.5067
349.2215 174.7611 358.3897
348.5539 174.985 357.8
349.41 175.0297 357.0944
351.0885 175.025 356.4127
352.2228 174.7742 355.7562
352.6431 173.9518 355.3448
353.5866 173.3236 356.0505
354.3451 172.6518 356.8763
354.5449 172.113 357.4746
354.6071 171.7169 357.602
355.2291 171.0694 357.1628
355.628 170.7641 357.1107
355.9194 170.4755 357.2229
355.9723 170.2538 357.4898
355.6671 170.0853 357.9001
355.2109 170.0359 358.2864
354.4601 170.1458 358.5785
354.15 170.2954 358.469
353.9607 170.4678 358.3267
353.9801 170.6037 358.2462
353.9788 170.7954 358.297
354.039 170.9145 358.3347
354.1089 171.0263 358.2986
353.9789 171.1848 358.2061
353.747 171.4036 358.1122
353.3848 172.0568 357.9951
354.2494 172.4225 357.9631
353.1611 172.8748 357.9933
351.9728 173.1693 357.9301
352.4087 173.3549 358.4872
353.8777 173.5333 0.2544931
353.6534 173.7605 0.5906757
354.2307 174.1483 0.413315
355.5366 174.6203 359.8534
356.5415 175.0787 359.1987
357.0379 175.5992 358.0587
357.3132 175.7975 357.5465
357.5977 176.0323 357.1607
357.8279 176.3164 356.7904
358.0032 176.6182 356.3525
357.8773 177.2695 355.5977
357.5578 177.5888 355.3235
357.1336 177.8271 355.1581
356.6979 178.0114 354.995
356.3093 178.1626 354.8006
355.6477 178.3806 354.7964
355.4432 178.4108 355.043
355.2949 178.4025 355.3469
355.022 178.3722 355.729
354.6707 178.304 356.104
354.0693 178.1161 356.7143
353.8187 177.981 356.9307
353.8907 177.7914 357.0742
354.7879 177.4457 357.1902
355.0293 177.089 357.27
353.3332 176.8064 356.6671
354.231 176.7487 356.535
355.1371 176.6366 355.9367
354.7467 176.6593 355.2282
354.2265 176.6838 354.8592
355.7436 176.0381 355.6618
356.4161 175.4644 356.3354
356.7769 174.9461 356.7982
357.0832 174.5422 356.9389
357.284 174.2851 356.7821
357.437 173.9768 356.602
357.4367 173.8911 356.6996
357.2492 173.8335 356.8744
356.7853 173.8822 357.2407
356.0784 174.0064 357.6917
354.7005 174.4163 357.9945
354.3342 174.5921 357.8831
354.1088 174.7089 357.8534
354.0015 174.8138 357.9298
354.0092 174.8891 358.0644
354.7674 174.9735 358.3889
355.0121 175.0467 358.4529
354.986 175.1493 358.2425
354.7915 175.3392 357.9311
354.5076 175.5532 357.7585
355.738 175.7206 357.8105
354.1049 175.8362 358.0897
353.2318 175.8622 358.325
353.7116 175.6655 358.89
355.0523 175.3997 359.5887
355.6282 175.2855 0.3176807
355.9135 175.5031 359.8619
356.6853 175.7999 358.9916
356.8148 176.0867 358.3366
356.5058 176.2383 357.8999
356.5096 176.2424 357.3221
356.6384 176.1656 357.2724
356.8593 176.047 357.2136
356.9747 175.9324 357.1633
356.8339 175.8645 357.1989
356.0796 175.8076 357.255
355.5552 175.8118 357.1756
354.9811 175.8295 357.0925
354.471 175.8562 357.1273
354.0578 175.8093 357.3459
353.6774 175.6396 358.0103
353.8063 175.5921 358.2476
354.071 175.5795 358.3787
354.4196 175.554 358.4655
354.7695 175.4963 358.6249
355.1718 175.5414 359.2688
355.239 175.6245 359.6527
355.7496 175.6458 359.7333
356.3596 175.48 359.6834
354.4051 175.4079 359.3876
354.3858 175.3214 357.9427
355.736 175.0547 356.7677
356.6056 174.7108 355.6524
356.4296 174.3472 354.9609
356.5943 173.8299 354.8852
358.4493 172.061 356.4358
358.5461 171.1315 357.5129
358.4336 170.3965 358.12
358.3013 169.7633 358.1892
358.1011 169.2421 358.0724
357.8664 168.2324 358.348
357.7994 167.7228 358.6488
357.6539 167.2763 359.0051
357.3051 166.8693 359.4343
356.7756 166.5259 359.7368
355.6916 166.1178 359.8375
355.366 165.9897 359.7065
355.2303 165.9346 359.5432
355.1604 165.9098 359.4326
355.3058 165.9095 359.4107
355.9726 166.0444 359.2651
356.1045 166.2607 358.8888
356.2461 166.518 358.3716
356.2657 166.7322 357.9032
356.3386 166.9528 357.6367
355.4328 167.5626 357.6152
354.2213 167.8915 357.4344
354.528 168.0197 357.6541
355.8111 168.0012 358.2149
355.9223 168.0576 358.9951
355.1776 168.2285 359.0949
356.1716 168.3519 358.8333
356.5125 168.5161 358.4816
356.3627 168.6428 358.1107
356.4972 168.6626 357.701
357.0687 168.6688 357.1077
357.3811 168.686 356.8753
357.5583 168.6961 356.7565
357.4734 168.707 356.8128
357.112 168.7285 356.9073
356.075 168.7007 357.1201
355.5004 168.6768 357.2038
355.0287 168.6049 357.2912
354.5752 168.4655 357.4833
354.1044 168.2399 357.7437
353.4453 167.6848 358.2142
353.4323 167.3405 358.4404
353.5307 166.9793 358.6571
353.5101 166.6877 358.8378
353.4596 166.442 359.0825
353.5511 165.8563 359.7052
354.5441 165.3675 359.9075
354.5468 164.7416 0.3301931
352.8019 164.1575 0.594276
353.484 163.1923 0.03175237
353.7908 162.7798 359.0359
353.0531 162.2895 358.1839
352.814 161.6544 357.7064
353.6176 160.8889 357.3548
355.9563 159.157 357.8521
356.5816 158.3804 358.301
356.8936 157.6684 358.5395
356.8199 156.9809 358.682
356.6057 156.339 358.9538
356.532 155.734 359.2574
356.2806 154.6592 359.7715
355.8546 154.1848 359.9848
355.3267 153.755 0.06189958
354.803 153.4019 0.03015545
354.4884 153.1017 359.9922
354.4469 152.6683 359.9305
354.6264 152.4822 0.09376758
354.7882 152.3114 0.2309409
354.9218 152.2552 0.1180282
354.6751 152.4727 359.6818
354.0568 152.6453 359.444
353.4975 152.7923 359.3637
353.2921 152.8747 359.3385
353.802 152.8593 359.3335
353.398 152.7565 359.7579
351.6056 152.4072 0.3086069
352.8356 152.0558 0.5667115
354.5576 151.6389 0.913233
355.1609 151.2418 1.073895
354.8776 150.9028 1.103526
355.5992 150.179 0.6663231
355.5226 149.7404 0.4072167
355.489 149.28 359.9437
355.7231 148.872 359.3492
356.3776 148.2038 358.5193
356.5498 147.8439 358.3481
356.3666 147.451 358.4669
355.9456 147.0643 358.7661
355.4558 146.6747 359.0924
354.3144 145.8729 359.7159
353.7441 145.4348 0.02871789
353.2821 144.9245 0.3943464
352.9632 144.3058 0.7374302
352.8498 143.6469 1.055523
353.0221 142.1628 1.654871
353.2996 141.32 1.941892
353.5223 140.4542 2.276459
353.4868 139.583 2.559196
353.3143 138.6884 2.794094
353.5334 136.7576 2.759787
354.766 135.7591 2.577893
353.5292 134.7269 2.451269
351.8486 133.8556 2.098624
351.8578 133.3398 1.981159
354.1433 132.04 0.2681389
354.2277 131.3246 359.3399
354.2435 130.5635 358.9846
354.9 129.6794 359.0918
355.6696 128.7195 359.5841
356.1579 126.8448 0.4100166
356.3192 126.0173 0.528849
356.4537 125.1999 0.7247013
356.5902 124.3951 0.9148295
356.6519 123.5927 1.113849
356.2901 121.9986 1.566722
355.9721 121.3236 1.610815
355.6071 120.7242 1.530509
355.4077 120.1866 1.420653
355.47 119.6419 1.358615
356.1629 118.6086 1.633916
356.6172 118.1058 1.755576
357.0531 117.6544 1.85314
357.3384 117.2618 1.958821
357.4081 116.9079 2.07402
357.0491 116.3205 2.221212
356.9535 116.0742 2.226645
357.0806 115.8394 2.164813
357.6856 115.6362 1.947275
358.8258 115.4254 1.899755
355.9505 114.8321 2.324131
356.3065 114.3802 2.74723
357.6877 113.8607 3.296716
358.1797 113.3127 3.936229
357.4184 112.7437 4.037257
357.6957 111.9115 3.615568
357.8476 111.5426 3.30377
358.0643 111.1265 2.81385
358.4832 110.6659 2.126551
359.0002 110.2449 1.4034
0.2095827 109.4966 0.09273177
0.704909 109.1081 359.688
0.8882046 108.6937 359.576
0.8367236 108.3082 359.6381
0.7071189 107.9098 359.8882
359.9502 107.058 0.5963191
359.4157 106.5678 0.9591498
358.8537 106.0247 1.237388
358.3358 105.4946 1.489412
357.9281 104.9064 1.637813
357.2958 103.7198 1.733449
357.296 103.1215 1.816399
357.3779 102.5281 1.91608
357.4099 101.9779 1.990515
357.5897 101.4487 2.078594
357.5482 100.5556 2.321091
357.9246 100.0815 2.415019
358.4224 99.41048 2.759808
356.8196 98.76541 3.072243
356.2955 98.21106 2.571208
356.8535 97.78274 1.997895
358.0398 96.69749 0.4294686
357.8434 96.14768 359.5566
358.4273 95.57671 358.7295
359.494 94.98629 358.4024
0.7398325 93.69208 359.1042
0.9622849 93.13869 359.5041
1.035819 92.63682 359.8427
0.8118494 92.15803 0.1146694
0.4192651 91.67342 0.3037709
359.6942 90.77773 0.6011516
359.1962 90.42071 0.7542737
358.5452 90.08044 0.8706556
357.791 89.79037 0.9355125
357.0763 89.54473 0.9370563
356.511 89.24809 0.6957649
356.5027 89.17654 0.427637
356.5005 89.14024 0.2213907
356.518 89.17926 0.1091276
356.3769 89.26148 0.0988225
355.4861 89.63388 0.1168214
355.2233 89.90224 359.8492
355.2141 90.16 359.537
356.0552 90.39706 359.2331
356.3743 90.54527 359.068
353.9024 90.7931 359.2235
355.1258 90.74487 359.8853
356.0258 90.69558 0.6142976
355.704 90.69658 0.8550128
355.7547 90.75465 0.8042967
357.0167 90.9871 0.01151722
356.8288 91.06795 359.7094
356.6414 91.09427 359.3374
356.7144 91.13671 358.8951
356.8945 91.25632 358.4436
357.2077 91.7546 357.8966
357.2314 91.9967 357.7566
357.0499 92.14184 357.754
356.7362 92.21907 357.7713
356.1211 92.2607 357.8204
355.0213 92.14767 357.8778
354.7054 92.00047 358.0587
354.3953 91.80916 358.353
354.1457 91.58793 358.7198
354.029 91.33503 358.9811
354.0502 90.84567 359.0522
354.0026 90.5569 359.1884
354.0186 90.22797 359.5932
354.3159 89.89101 0.1281953
354.4702 89.56583 0.624864
355.84 88.87343 1.154365
355.5269 88.39056 1.414612
354.0729 88.06784 1.315103
354.3536 87.96405 1.081628
355.7143 87.70774 0.2819926
355.2458 87.54294 358.4404
355.239 87.40148 357.811
356.1096 87.14024 357.6127
357.0965 86.71405 358.0276
357.6805 86.28919 358.8311
358.0401 85.67205 359.9007
358.0287 85.53963 359.8506
357.9109 85.49216 359.7309
357.7213 85.51051 359.6968
357.4405 85.57269 359.7619
356.2899 85.77234 0.1055421
355.4897 85.89381 0.2573418
354.7507 86.04128 0.3761549
354.1938 86.14816 0.5032993
353.3343 86.26265 0.5418921
353.0085 86.2268 0.6146687
352.6047 86.16485 0.8115171
352.3987 86.10497 0.8763007
352.2385 86.07823 0.6825839
351.9222 86.13719 0.2837774
351.4944 86.43936 359.7834
351.9198 86.62035 359.7631
352.6298 86.74792 359.856
351.0483 86.86707 0.5088993
350.2209 86.8821 0.9522808
352.6903 86.58776 1.846844
353.7327 86.54646 2.343111
353.4025 86.68523 2.40993
353.4617 86.9575 2.167324
354.144 87.21409 1.755605
354.2278 87.53959 1.074396
354.4583 87.56442 0.7801132
354.7952 87.5808 0.556444
355.2018 87.58679 0.2825899
355.5517 87.53226 359.9398
355.6723 87.38365 359.4487
355.3986 87.32516 359.2113
354.9514 87.26216 359.0279
354.3325 87.20527 358.8161
352.9928 87.10546 358.8191
352.5558 86.98313 359.1017
352.2977 86.83804 359.447
352.2371 86.71895 359.6959
352.3308 86.6438 359.8162
352.6 86.46778 0.2270581
352.6099 86.37193 0.5911179
352.8739 86.25596 1.062386
353.1056 86.154 1.46033
353.4757 86.09705 1.523989
354.6911 86.01105 1.547407
351.9888 85.81602 1.449919
352.0199 86.04653 1.270543
353.2947 86.12894 0.5480556
353.9383 86.30869 359.4739
352.9652 86.67822 357.701
354.0935 86.61357 357.7015
355.4276 86.25883 358.2401
355.7956 85.90972 359.0319
355.7621 85.72433 359.5584
355.6344 85.62038 359.5811
355.34 85.60449 359.1616
355.3265 85.55381 359.1927
355.3236 85.47047 359.3664
355.2262 85.41263 359.5915
354.9374 85.41718 359.7664
353.9072 85.62321 359.9671
353.3822 85.75381 0.02010866
352.9805 85.89517 0.09922507
352.7815 86.00236 0.2788131
352.9388 86.14145 0.5617642
353.1673 86.21934 0.6074492
353.1688 86.35596 0.6057515
352.9128 86.57473 0.3738069
352.8015 86.76077 0.07456382
352.6713 86.93717 359.677
353.4779 86.93509 359.4745
354.1101 86.86482 359.3034
352.276 86.8306 359.0468
351.7448 86.72952 358.9223
352.888 86.41458 359.3918
352.3318 86.01778 1.023036
351.826 86.0602 1.660932
352.458 86.10248 1.767661
353.0879 86.25126 1.597008
353.6508 86.39706 0.8322882
354.1894 86.37503 0.4867091
354.8888 86.3083 0.232664
355.6049 86.23712 359.9767
356.236 86.23159 359.6729
356.7196 86.30969 359.1779
356.5266 86.33897 358.9851
356.1472 86.4041 358.769
355.6714 86.45859 358.5851
355.2856 86.49679 358.5009
354.7544 86.38752 358.8275
354.3992 86.26569 359.2775
354.1663 86.08261 359.7259
354.0092 85.88807 -0.003466684
353.7797 85.71757 0.1631723
352.9961 85.52313 0.3844623
352.8118 85.45746 0.4836816
352.7733 85.46584 0.4803838
353.4604 85.45668 0.3477007
353.9617 85.34126 0.2821866
351.5496 85.56429 359.6242
352.326 85.6622 359.1613
353.6977 85.8257 358.272
354.292 85.912 357.2758
353.8895 86.06747 356.5764
355.2896 85.82401 356.6852
355.9366 85.53323 357.3719
356.0477 85.37105 358.0067
356.1295 85.31981 358.2994
356.1734 85.35175 358.2858
356.1829 85.42503 358.2813
356.3142 85.4173 358.6754
356.2927 85.39465 359.0764
356.0689 85.39546 359.5031
355.6445 85.44344 359.9012
354.564 85.62856 0.287955
354.1422 85.67072 0.3604784
353.9347 85.67874 0.4394622
353.9907 85.65588 0.4685735
354.1035 85.62879 0.4471194
354.5512 85.69411 0.3184817
354.5729 85.74841 0.2047831
354.2817 85.85318 -0.001734535
354.2099 85.98631 359.7754
354.2671 86.08887 359.5178
354.5659 86.1851 359.2165
352.9673 86.14045 359.6622
351.8747 85.93061 0.2483827
352.4679 85.58111 0.8970708
354.2492 85.22576 1.285278
355.1603 84.98957 1.864371
355.3698 85.09104 1.774327
356.0774 85.25588 1.354992
356.2929 85.48594 0.874926
356.1831 85.71855 0.4461712
356.5866 86.2975 359.6725
356.9326 86.61188 359.3555
357.2884 86.90495 359.0381
357.4461 87.12671 358.856
357.1946 87.31239 358.7773
355.8946 87.66578 358.5511
355.1356 87.75951 358.4535
354.3453 87.82772 358.3543
353.5448 87.84643 358.3859
352.9503 87.78755 358.5916
352.2587 87.53686 359.2154
352.2616 87.40736 359.3299
352.397 87.28412 359.4438
352.4788 87.13853 359.6194
352.6602 86.94371 359.9162
352.8742 86.52579 0.5140014
353.3202 86.31392 0.7100222
353.6495 85.97304 0.853372
351.1753 85.76218 0.7772432
350.2929 85.73693 0.4035071
352.2415 85.71088 358.7101
352.5743 85.5796 357.8392
352.4957 85.41033 357.3052
353.4335 85.08158 357.3567
354.6132 84.61447 357.9686
354.7803 83.96312 359.1343
354.6127 83.90978 359.1767
354.5007 83.91635 359.1012
354.4505 83.91087 359.1196
354.4817 83.82404 359.2004
354.4382 83.62966 359.6258
354.1805 83.57789 359.9858
353.7658 83.59553 0.3410429
353.2984 83.67675 0.472786
352.8618 83.78525 0.4367378
352.6793 84.01047 0.4074483
352.7286 84.12084 0.4933232
352.8214 84.23137 0.4979281
353.0829 84.33707 0.4726245
353.3071 84.43409 0.4018954
352.9371 84.76451 359.7416
353.01 84.97384 359.2795
353.203 85.16425 358.9505
353.8986 85.26434 358.6977
354.0995 85.25841 358.6556
351.4277 85.1132 359.3735
352.6469 84.81015 359.9572
353.9843 84.47311 0.6539239
353.2758 84.27985 1.079882
352.1592 84.3392 1.326434
353.3665 84.77644 0.6424092
353.5299 85.03044 0.1084812
353.7468 85.161 359.5606
354.3305 85.25214 359.1104
355.0558 85.28539 358.7901
356.2573 85.37669 358.239
356.4816 85.46738 358.109
356.4015 85.51598 358.1046
356.1142 85.56399 358.1732
355.6711 85.61981 358.3019
354.2319 85.75924 358.3429
353.6153 85.79873 358.5002
353.1702 85.76033 358.8256
352.8844 85.66467 359.2433
352.7541 85.53804 359.6757
352.6053 85.26422 0.2163233
352.3855 85.12325 0.3938581
352.1765 84.98162 0.62705
352.1114 84.8325 0.904767
352.1068 84.68301 1.05075
353.2325 84.30706 0.9926016
351.2791 84.14453 0.7459089
350.4169 84.13821 0.02639477
350.7014 84.35483 359.273
351.6377 84.50636 358.0927
350.9233 84.76487 356.2435
351.1105 84.80594 355.797
352.1409 84.72634 355.9542
353.0092 84.57964 356.6616
353.0892 84.58604 357.4466
353.1817 85.02251 357.7737
353.2325 85.29852 357.5888
353.3342 85.50223 357.488
353.4955 85.58631 357.5656
353.5798 85.60201 357.7788
353.0769 85.65126 358.3127
352.5647 85.70625 358.4442
351.9889 85.76851 358.4758
351.5627 85.83366 358.4004
351.2659 85.85915 358.2878
351.1039 85.81301 358.2093
351.1914 85.75634 358.3219
351.3439 85.69815 358.4763
351.2495 85.65678 358.676
350.9958 85.67477 358.7399
351.3283 85.87572 358.3322
351.6058 86.00372 358.1591
352.4038 86.0664 358.1144
351.6024 86.17162 358.2339
350.1024 86.37169 358.4741
351.7414 86.16463 359.6768
352.6963 86.00008 0.5290373
352.6209 85.90791 0.9992694
352.8871 85.91434 1.097654
353.8299 85.93942 0.6832038
354.2856 86.0177 359.6631
354.5275 85.90469 359.2918
355.0686 85.77705 359.0314
355.6353 85.6719 358.7501
356.0754 85.65472 358.4507
356.4107 85.71909 357.8719
356.144 85.83092 357.6328
355.6578 85.98723 357.3475
355.1341 86.18609 356.9496
354.6585 86.34813 356.6386
354.0399 86.52554 356.4641
353.8451 86.58508 356.4651
353.5848 86.67429 356.4315
353.4093 86.7765 356.4178
353.275 86.8596 356.4855
352.9648 86.90833 357.0257
352.8988 86.82256 357.5576
352.9535 86.64643 358.0833
353.1286 86.47873 358.4063
353.8673 86.21288 358.6055
351.2129 85.79616 358.3137
351.032 85.77341 358.0849
351.7724 85.55918 357.6373
352.9852 85.41379 356.8711
352.7931 85.14053 355.807
353.244 84.78406 355.8773
354.3308 84.23574 356.4926
354.9708 83.70026 357.2159
355.2372 83.38683 357.6233
355.653 83.11194 357.4315
355.7433 83.04437 357.5265
355.7931 82.94522 357.9488
355.8065 82.87132 358.4853
355.6751 82.86381 359.0584
354.6967 83.1051 359.9577
354.0845 83.25283 0.2264743
353.483 83.36684 0.5358751
353.0722 83.41142 0.8732692
352.9902 83.43495 1.075934
353.3228 83.50378 1.193403
353.6579 83.5436 1.258751
354.0257 83.51848 1.362912
354.1631 83.42152 1.548416
353.83 83.33526 1.574669
353.3128 83.2468 1.081661
353.1886 83.27898 0.7049278
353.7216 83.28857 0.3890023
353.2096 83.22487 0.339023
351.675 83.13811 0.4572444
353.086 82.54433 1.256425
354.2067 82.24489 1.934136
354.2106 82.07043 2.405649
354.0826 82.01856 2.523484
354.6209 82.11817 2.235794
355.3068 82.27621 1.68876
355.5399 82.30672 0.6951579
355.9842 82.21082 0.2866892
356.524 82.05655 0.02296714
356.9447 81.83863 359.8304
357.2491 81.36303 359.4944
357.0777 81.06393 359.4903
356.7434 80.7481 359.5871
356.2407 80.38478 359.6948
355.6773 79.98466 359.8063
354.4491 79.18061 0.1714368
353.9637 78.7243 0.4952215
353.5858 78.23092 0.8762754
353.2862 77.70007 1.183544
353.0262 77.1783 1.353061
352.8327 76.23158 1.301586
353.1575 75.74666 1.483032
353.7101 75.27528 1.847708
354.0667 74.87447 2.199033
354.4889 74.52346 2.391136
353.9677 73.49798 3.089809
352.8303 72.92464 2.990142
353.1845 72.50988 2.794445
353.7938 71.95728 2.173239
354.1006 71.44477 1.472704
353.4608 70.16485 0.2214004
354.0042 69.41902 359.9124
355.0866 68.59696 0.03669021
355.9354 67.76421 0.506492
356.2999 67.0349 0.9176633
356.5857 65.71922 1.13153
356.4849 65.09253 1.145313
356.4418 64.4837 1.199533
356.4685 63.89035 1.31521
356.4404 63.31231 1.55974
356.0089 62.28774 1.961693
355.7076 61.85765 1.950913
355.5283 61.51066 1.905558
355.4923 61.22078 1.846701
355.5407 60.95002 1.792754
355.8631 60.36196 1.739358
356.1328 60.06847 1.809349
356.2742 59.80281 1.849521
356.0573 59.57631 1.834115
355.5974 59.3871 1.703234
355.0474 58.95813 1.317835
355.5029 58.73394 1.167829
354.824 58.49617 1.488713
353.0697 58.24243 1.6368
352.7991 57.85956 1.67447
355.2283 56.71196 2.722995
355.0641 56.12794 3.071964
354.8321 55.63652 3.127643
355.5494 55.1788 2.717086
356.166 54.74126 2.235872
356.5039 53.49151 1.232873
356.7954 52.74301 0.7113052
357.0488 51.98059 0.3462283
357.2838 51.24814 0.03603409
357.5358 50.4968 359.7912
357.4272 48.76059 359.6771
357.0518 47.89989 359.8017
356.6039 47.0281 359.9666
356.0692 46.15393 0.1688699
355.4935 45.30592 0.4421195
354.569 43.58012 1.147229
354.34 42.70403 1.490829
354.3805 41.85198 1.672049
354.4929 40.97845 1.611292
354.5583 40.10329 1.460573
354.8451 38.28009 1.207221
355.2968 37.37245 1.270664
355.8848 36.45226 1.4417
356.4171 35.52532 1.69062
357.2907 34.54047 2.049972
354.633 32.2611 3.366329
353.7972 31.39047 3.269495
354.5403 30.49742 2.666516
355.2041 29.74589 1.535676
354.9947 28.87719 0.1487179
355.9726 26.95284 358.2687
356.6879 25.87216 358.22
356.7873 24.8777 358.7025
356.577 23.91366 359.2014
356.5094 23.16628 359.4008
357.0336 21.4003 359.3699
357.3674 20.4417 359.482
357.5718 19.49382 359.8812
357.5308 18.56044 0.3528817
357.2564 17.74063 0.5078011
356.7266 16.43708 0.426556
356.6555 15.84175 0.5023353
356.7792 15.25186 0.4777686
356.9966 14.74521 0.3134805
357.2128 14.36494 0.2111099
357.4034 13.74912 0.2574498
357.4892 13.40367 0.4024956
357.4787 13.02979 0.5465138
357.3104 12.65773 0.5089432
357.139 12.35661 0.2432696
357.0327 11.77818 359.5378
357.0429 11.43617 359.5439
355.3329 11.19528 359.8106
354.7286 11.03709 359.8043
355.4003 10.75529 0.2653884
355.446 10.07149 1.808115
354.9129 9.857471 2.087749
355.1764 9.757618 1.97225
355.5117 9.739007 1.834497
355.7281 9.684185 1.732062
356.7953 9.480898 1.400682
357.3638 9.282079 1.148418
357.6932 9.184875 0.8741407
357.9108 9.045242 0.495064
357.9816 8.943538 0.163177
357.3471 8.553272 359.7898
356.7975 8.335318 359.5928
356.219 8.167023 359.431
355.6682 8.004756 359.3271
355.1827 7.886353 359.2771
354.6746 7.593195 359.4853
354.6632 7.408044 359.7993
354.8827 7.220696 0.1246648
355.169 6.987294 0.5033918
355.771 6.608493 1.319644
355.8995 6.359474 1.770874
355.6448 6.065235 2.176472
355.673 5.729331 2.490142
356.1069 5.250718 2.894145
353.81 4.844355 3.199555
352.9901 4.684176 1.846071
354.0698 4.641867 0.7678319
354.4522 4.449325 359.9389
354.3076 4.165048 359.0705
355.095 3.768567 358.304
357.3827 2.88661 358.401
357.5337 2.574517 358.9263
357.3119 2.345029 359.2764
356.9639 2.189468 359.4251
356.6023 2.062283 359.5096
356.3528 1.688529 359.5848
356.1785 1.470631 359.6081
355.8787 1.327964 359.6867
355.4646 1.232959 359.7923
355.0788 1.208575 359.8319
354.6954 1.231881 359.7409
354.8156 1.166462 359.8416
355.1209 1.077001 0.03522427
355.4572 1.006244 0.127296
355.4878 1.124264 359.9683
355.4978 1.242481 359.7582
355.4023 1.343821 359.5014
355.1745 1.493268 359.2339
355.0738 1.682548 358.9756
355.2603 1.936211 358.8183
356.0793 2.3928 358.3152
354.432 2.689348 358.2871
354.0898 2.788635 358.506
354.3693 2.610352 359.062
354.2906 2.4345 359.8139
354.666 2.234012 0.5168577
355.7645 2.233978 0.3747181
356.7074 2.338362 359.9367
357.3024 2.369553 359.4443
358.5352 2.235707 358.8264
358.9248 2.073021 358.8159
359.2116 1.929118 358.8293
359.4913 1.852794 358.7463
359.5104 1.799844 358.6721
359.2111 1.828723 358.7093
358.456 1.857145 358.702
357.9982 1.829044 358.7177
357.5959 1.785964 358.7551
357.2055 1.715044 358.8972
356.5659 1.502492 359.3558
356.2214 1.345017 359.3884
355.8497 1.1449 359.349
355.5738 0.8844244 359.3632
355.37 0.5670331 359.5273
355.2895 0.1991355 359.875
355.291 359.5271 0.173824
355.7043 359.2334 0.23961
356.3877 358.799 0.3285832
354.5661 358.4242 0.5445889
353.9273 358.1423 0.3953544
354.9528 357.8733 359.281
354.6011 357.8208 358.171
354.2581 357.8284 357.4166
354.8783 357.6189 356.9781
357.191 356.9768 357.4532
358.1575 356.748 357.9933
358.9077 356.5964 358.4111
359.2639 356.5251 358.5304
359.2094 356.5256 358.595
358.8897 356.4899 358.8507
358.6687 356.483 358.9935
358.1941 356.4914 359.1131
357.5804 356.5208 359.0601
356.9681 356.5412 358.9617
355.9995 356.6732 359.1969
355.7011 356.7506 359.1846
355.472 356.7981 359.0894
355.2273 356.799 359.108
355.0478 356.7385 359.2866
355.0657 356.5629 359.5479
354.8248 356.5581 359.4107
354.6875 356.5758 359.0553
354.646 356.6271 358.7665
354.6703 356.5967 358.6459
352.7091 355.9831 358.5938
351.5306 355.8606 358.7041
351.6396 355.6226 359.3357
352.3398 355.3126 0.1516893
352.4698 355.1347 0.9107796
353.3555 355.1323 1.342069
354.6564 355.2848 0.9947142
355.4879 355.4756 0.4006512
355.9879 355.5458 359.8111
356.3898 355.5005 359.3259
356.8957 355.3937 358.7382
357.0719 355.4025 358.4546
357.2054 355.4877 358.1682
357.1218 355.6453 357.9486
356.7413 355.8352 357.8181
355.618 356.1957 357.6029
355.0595 356.3412 357.6325
354.6153 356.46 357.7398
354.1629 356.5339 357.9838
353.664 356.595 358.2708
352.7947 356.5855 358.8371
352.7441 356.4948 359.0242
352.8252 356.3718 359.1423
352.8585 356.2786 359.2996
352.9701 356.2174 359.5794
353.6563 356.106 0.04676915
354.6887 355.8763 0.1117551
353.0553 355.6962 0.02407004
351.8119 355.626 359.4785
352.2309 355.7361 358.9661
353.0321 355.7936 356.8187
351.8876 355.9748 355.7629
352.288 355.9997 355.1782
353.7227 355.8568 355.3228
354.7889 355.5573 355.8389
355.2541 355.371 356.6935
355.1063 355.4894 356.7787
354.8536 355.6344 356.888
354.7771 355.7184 357.0949
354.8491 355.716 357.378
354.7857 355.6393 358.2104
354.5359 355.6097 358.6054
354.2605 355.6284 358.8038
354.0005 355.6741 358.8768
353.9159 355.7105 358.9795
354.4446 355.7109 359.0963
354.7782 355.775 358.9161
354.8938 355.9597 358.6735
355.0779 356.2191 358.5382
355.0762 356.4664 358.5128
354.3483 357.0634 358.1957
354.117 357.4265 357.9519
354.1505 357.7856 357.7581
354.7591 358.0386 357.6691
355.1021 358.1903 357.6791
353.63 358.3275 358.3251
354.2935 358.0799 358.8233
354.412 357.878 359.4954
354.0409 357.7469 359.9737
354.3771 357.6771 0.1379408
355.8984 357.7398 359.2441
356.193 357.8848 358.7172
356.6117 357.9651 358.2045
357.2324 358.0137 357.7121
357.8331 358.0563 357.4074
358.5011 358.0642 357.3697
358.4885 358.129 357.4032
358.156 358.2191 357.4196
357.6774 358.2973 357.4704
357.188 358.3692 357.5688
356.1609 358.4052 357.8374
355.648 358.4039 358.0978
355.2749 358.3808 358.4497
354.8355 358.3621 358.8214
354.4676 358.3073 359.0105
353.8692 358.1394 359.2488
353.6033 358.0536 359.4599
353.4222 357.9837 359.77
353.378 357.9346 0.1225248
353.5991 357.8615 0.4800146
353.9081 357.4802 0.949546
351.599 357.4922 0.684833
351.1725 357.7383 0.258144
351.8153 357.7264 359.4948
352.4249 357.812 358.4283
352.6545 357.6404 356.627
353.8868 357.4021 356.492
355.2137 357.0197 356.8182
355.8384 356.7227 357.2691
356.1777 356.5664 357.6041
356.6674 356.4801 357.763
356.6773 356.5038 357.9255
356.5871 356.5146 358.216
356.3519 356.5282 358.4836
355.9205 356.5363 358.6508
354.6319 356.572 358.8548
354.1266 356.5616 358.8363
353.8631 356.5288 358.7866
353.8908 356.4302 358.7418
354.1326 356.2415 358.6768
354.8438 355.7263 358.4538
355.2087 355.4784 358.3844
355.5356 355.2784 358.2615
355.5003 355.181 358.0764
355.4258 355.171 357.7972
356.045 355.3094 357.1337
356.7402 355.3659 356.9174
357.0619 355.403 356.781
355.2072 355.6071 357.2674
354.467 355.6647 357.5805
355.8496 355.3972 358.6279
355.6203 355.3573 359.3064
355.6491 355.3433 359.5929
356.4179 355.3405 359.4722
357.0613 355.4488 359.1881
357.5109 355.5608 358.2366
357.8209 355.5404 357.7732
358.0925 355.5097 357.4702
358.3061 355.4831 357.2097
358.4306 355.4836 357.0253
358.1174 355.4705 356.873
357.6541 355.4732 356.85
357.13 355.503 356.8623
356.6293 355.4994 356.9442
356.1346 355.4756 357.1128
355.294 355.4685 357.609
355.1706 355.4629 357.9645
355.3584 355.4543 358.2829
355.7763 355.4398 358.4832
356.5438 355.3957 359.0368
356.7668 355.3483 359.5126
356.7539 355.2834 359.9266
356.5662 355.2717 0.2167859
356.8637 355.214 0.4054409
357.1185 354.9337 0.5414928
354.4395 354.6405 0.04190507
354.3978 354.5605 359.4168
354.5258 354.6086 358.2324
353.8904 354.7217 356.9501
353.5857 354.8352 356.0185
355.8732 354.4185 355.5268
357.0239 354.1067 356.0132
357.6039 353.9442 356.5618
357.789 353.9278 356.9406
357.3945 354.122 357.3477
357.3192 354.2181 357.5113
357.2888 354.2688 357.753
357.0946 354.3462 358.0325
356.6695 354.4263 358.237
355.624 354.6272 358.4159
355.1608 354.6473 358.5444
354.9421 354.6643 358.6319
354.9154 354.6394 358.694
355.1445 354.6416 358.7242
355.3742 354.7606 358.7116
355.3174 354.852 358.7137
355.0655 354.9925 358.644
354.7574 355.1678 358.4314
354.5786 355.4233 358.067
354.4919 355.6672 357.7632
355.2802 356.0582 357.2049
353.7061 356.411 357.0861
353.1353 356.6887 356.9871
353.7012 356.687 357.2127
354.2652 356.5381 358.1361
354.0184 356.5404 358.4159
354.3518 356.5033 358.5883
354.8516 356.4619 358.6264
354.9147 356.4182 358.4448
354.9699 356.2005 357.6058
355.1678 356.0323 357.2684
355.2917 355.8755 357.1972
355.4038 355.7147 357.2795
355.481 355.598 357.3484
355.0244 355.5278 357.319
354.6104 355.4793 357.355
354.1374 355.4014 357.4
353.6885 355.3074 357.4137
353.2539 355.2245 357.4626
352.7173 354.9625 358.1123
352.5623 354.8692 358.4451
352.4489 354.8062 358.5218
352.4925 354.7878 358.458
352.7314 354.7704 358.5608
353.5934 354.5686 359.309
353.6481 354.5311 359.6329
353.8612 354.5626 359.8252
354.6974 354.4863 359.957
353.8973 354.2251 0.1135868
351.9647 353.9069 0.02124584
352.3671 353.605 359.3426
352.0564 353.473 358.4203
351.2849 353.2893 357.3973
351.3097 352.9681 356.6456
353.3006 352.0209 356.2582
354.1791 351.4527 356.6509
354.7861 350.9381 357.1989
355.1236 350.4351 357.7183
355.149 349.9758 358.1462
355.1579 349.0571 359.0938
355.2549 348.5487 359.566
355.1982 348.0264 359.9801
354.9507 347.4868 0.3335803
354.7028 346.9593 0.5356687
354.5251 345.8922 0.5401413
354.6981 345.3099 0.5145223
355.0874 344.7571 0.4827491
355.3225 344.3203 0.3837017
355.4764 344.0732 0.2136549
355.3242 344.0291 359.877
354.7411 344.2025 359.7815
354.2093 344.4337 359.708
353.6674 344.6417 359.6618
353.3245 344.8005 359.5776
353.9351 344.6092 359.1387
353.1206 344.2054 359.2321
352.3417 343.6203 359.6311
352.4343 342.8167 0.1402232
353.6484 341.7576 0.8514014
354.1822 339.3122 2.104751
354.7558 338.1006 2.253276
355.7518 336.8202 1.865696
356.6001 335.5186 1.156497
357.1699 334.1683 0.3654792
357.781 331.3038 358.6536
357.7471 329.9762 358.2016
357.7259 328.7474 358.0043
357.6596 327.5812 358.1224
357.3443 326.5214 358.459
356.5104 324.7328 359.3468
356.0633 323.9789 359.7224
355.5754 323.2433 0.06100198
355.1449 322.4496 0.4184646
354.7703 321.6041 0.8549694
354.5196 319.7126 1.631574
354.4603 318.6045 1.794017
354.4197 317.4084 1.788306
354.4825 316.1711 1.699344
354.4836 314.93 1.635371
354.9255 312.5363 1.777147
355.0147 311.348 1.940335
355.4252 310.157 2.129084
355.9501 308.9037 2.48081
353.8481 307.7193 3.112397
352.7299 305.6277 2.993829
352.8081 304.5438 2.341041
353.0236 303.349 1.438225
353.361 302.141 0.142034
353.7217 300.9418 358.7616
354.8433 298.7636 357.7491
354.9836 297.7579 358.2175
355.1234 296.8212 358.7939
355.513 295.9645 359.1737
356.1064 295.1339 359.2332
357.2108 293.4778 359.2126
357.3681 292.6267 359.4419
357.2552 291.7173 359.9037
357.2012 290.8933 0.2023642
357.1837 290.0837 0.3137716
356.881 288.8894 0.08227575
356.757 288.4316 359.9296
356.6981 287.9752 359.9002
356.6928 287.5707 359.9903
356.6212 287.2052 0.2096544
356.7606 286.7832 0.2077934
356.6757 286.6697 0.08860872
356.3911 286.5964 -7.667149E-05
356.3195 286.4915 359.9742
356.5108 286.2553 0.02176216
355.6384 285.6278 0.2718437
354.1458 285.4254 0.4744139
353.9178 284.9064 1.292249
354.6625 284.1516 2.315783
354.759 283.3147 3.367775
355.8295 282.0923 3.30802
356.8567 281.6322 2.869346
357.3282 281.1408 2.484541
357.4817 280.5976 2.106193
357.6315 280.0112 1.673647
357.8101 278.8963 1.121826
358.0709 278.4661 0.8673779
358.1968 278.113 0.7207131
358.0765 277.8179 0.5974876
357.7561 277.5851 0.5880131
356.8153 277.2284 0.510684
356.3767 277.1006 0.4099246
356.0461 277.0211 0.3550859
355.8391 276.966 0.3236495
355.7175 276.8986 0.4806326
355.8714 276.5909 0.7095815
356.1581 276.3332 0.6079479
356.342 276.0731 0.491799
356.4882 275.819 0.5089187
356.7554 275.5334 0.7085339
356.9458 274.9476 1.261094
357.3323 274.6516 1.603353
357.8164 274.2028 2.138551
355.6163 273.7709 2.603962
354.6178 273.4638 2.343792
354.8117 273.0558 0.776644
354.6311 272.8979 359.3841
354.6144 272.857 358.1481
355.3083 272.6557 357.1916
357.395 271.9627 356.9717
357.903 271.7481 357.4123
358.1287 271.6201 357.8813
358.2687 271.5433 358.3181
358.3308 271.4731 358.6661
358.4172 271.3821 358.9796
358.7146 271.2365 359.6236
358.6322 271.259 359.8494
358.4468 271.2666 359.988
358.2446 271.2164 0.08048996
358.0409 271.0517 0.130262
357.8187 270.6118 359.9192
357.7165 270.368 359.7388
357.5383 270.1285 359.6346
357.4601 269.911 359.5974
357.2739 269.7891 359.4616
357.0125 269.8913 359.3626
356.7022 270.0434 359.215
356.3713 270.2036 359.0101
356.3109 270.3489 358.8198
356.5973 270.294 358.5314
354.8386 270.0861 358.868
355.3561 269.8301 359.0261
356.1154 269.5533 359.2125
356.1393 269.4167 359.4803
355.3954 269.4797 359.7487
355.6695 269.6085 359.7585
355.8764 269.7773 359.6501
356.019 269.8921 359.5042
356.3924 269.9241 359.2849
357.3228 269.8605 358.9705
357.7173 269.8069 358.8275
358.0428 269.7551 358.6948
358.1045 269.7176 358.6571
357.993 269.6915 358.7167
357.4144 269.4934 358.988
357.1458 269.4201 359.0936
356.8711 269.3243 359.2242
356.5898 269.1584 359.4861
356.3283 268.9283 359.8691
356.1602 268.6458 0.1632633
356.0341 267.9011 0.2933738
356.1344 267.4938 0.360485
356.5408 267.0958 0.6052361
357.3477 266.6414 0.9195167
358.1667 266.2328 1.29362
1.008887 265.2076 1.812104
0.2011038 264.6067 2.00231
0.05115679 264.1391 1.649175
0.9278535 263.8237 1.26856
2.008945 263.4941 0.5701652
1.457938 263.1224 358.5376
2.017094 263.0345 357.5177
3.173222 262.8768 357.2653
3.667231 262.6785 357.757
3.468416 262.5311 358.3982
2.71858 262.3876 359.1779
2.541905 262.2942 359.3779
2.48024 262.1592 359.5401
2.574253 261.9759 359.7063
2.671327 261.75 359.892
2.608684 261.3278 0.3501077
2.5192 261.1577 0.5004311
2.543092 261.0038 0.5036532
2.695461 260.829 0.4453053
2.940152 260.6873 0.331658
3.442073 260.5246 0.293066
3.637522 260.5415 0.3033517
3.945254 260.549 0.2588242
4.181378 260.6315 0.2081487
4.586541 260.9293 0.07148895
4.602877 261.1829 0.05136905
4.789146 261.4155 359.9179
5.417212 261.55 359.6998
4.774921 261.7218 359.6362
4.28626 261.7688 359.7673
4.403965 261.4806 0.09654401
3.493994 261.2206 0.5831635
2.990664 260.9386 0.9169216
3.491744 260.6638 0.9738232
4.204597 260.4877 0.9577439
5.005777 260.3631 0.489747
5.60925 260.2547 0.2554005
6.083944 260.0812 0.1091167
6.383437 259.8819 0.0006883538
6.635183 259.5826 359.6324
6.479631 259.4421 359.4694
6.202824 259.2583 359.4792
5.855862 259.087 359.5938
5.616682 258.9251 359.6764
5.229402 258.6328 359.8358
5.272434 258.4309 0.03049262
5.422381 258.2014 0.2406958
5.675877 257.9877 0.3511075
5.934361 257.8136 0.3775111
6.42603 257.4587 0.4415606
6.452232 257.2023 0.6237478
6.281693 256.8239 0.9838157
6.068136 256.4124 1.416165
6.253304 255.9821 1.804665
6.782391 254.5887 3.007509
5.270918 254.025 2.618358
5.125421 253.867 2.010306
5.573303 253.6411 1.275573
5.140731 253.5532 0.5627417
6.352482 253.4337 359.2543
8.003078 253.3379 359.0732
9.399402 253.2054 359.2509
10.29321 253.0282 359.647
10.63771 252.8641 0.1122826
10.40607 252.5866 0.4118855
10.38391 252.4648 0.4468754
10.30271 252.3297 0.4997756
10.08171 252.184 0.5991193
9.82101 252.0253 0.7268013
9.350418 251.7029 0.8176209
9.1458 251.5607 0.8253866
9.08915 251.4386 0.7585168
9.263164 251.3908 0.6968431
9.617404 251.3551 0.7239828
10.56744 251.3 0.7972496
11.02182 251.3869 0.7949411
11.11469 251.5894 0.604461
11.05171 251.9416 0.183173
10.91961 252.3584 359.8607
11.25005 253.1147 359.644
10.96493 253.3771 0.05499408
9.268781 253.6475 0.528832
8.99259 253.7104 0.879501
9.705477 253.6429 1.284106
8.84188 254.0749 1.699461
9.202185 254.4461 1.305869
9.61936 254.8686 0.8882765
9.85162 255.3098 0.4945329
9.797222 255.6885 0.07740372
9.213055 256.4745 359.5092
8.952244 256.8625 359.3709
8.686579 257.2606 359.2543
8.273593 257.6556 359.2408
7.572328 258.0682 359.3439
5.676622 258.8161 359.7105
4.805233 259.1078 359.825
3.957801 259.3895 359.8701
3.137671 259.6917 359.8188
2.506924 260.0287 359.7421
1.69663 260.6513 359.8652
1.540049 260.9136 359.9706
1.333057 261.2065 0.09588679
0.9852878 261.4712 0.2556387
0.5054803 261.7744 0.5006057
359.6647 262.4308 1.341206
0.431115 262.6886 1.639538
0.1961962 262.8343 1.936936
358.8063 263.1969 1.637059
358.5294 263.8209 1.111548
358.1009 264.7445 358.9939
357.7019 265.1678 357.7511
358.1244 265.4265 356.9243
359.1989 265.4426 356.6201
0.06514519 265.2171 356.9719
0.1882969 264.7625 358.4215
0.0538965 264.5384 358.8751
359.7155 264.3301 359.0685
359.4535 264.119 359.2229
359.2623 263.8523 359.372
358.6354 263.2985 359.6439
358.1838 263.1149 359.7703
357.6751 263.0288 359.9452
357.0886 262.9839 0.1017106
356.5533 262.9364 0.2298336
355.8656 262.8419 0.1394126
355.5283 262.8506 0.001011599
355.3911 262.8729 359.9045
355.4052 262.8745 359.8601
355.3506 262.8685 359.8774
355.5584 262.9001 359.7061
356.1639 262.9479 359.4451
357.0343 263.0026 359.1963
358.1435 262.9264 358.8052
356.1238 262.8835 358.7535
355.2399 262.5458 359.2423
355.9506 262.1723 359.9603
355.8743 261.9918 0.6582881
356.2611 261.981 0.8775367
357.5933 262.0618 0.568093
359.2743 262.5931 359.4288
359.2751 262.8297 358.873
359.1537 262.9825 358.4422
358.8447 263.0648 358.2532
358.4975 263.1584 358.1496
358.0044 263.5216 357.9519
357.4005 263.7771 357.9081
356.7369 263.9941 357.9428
356.127 264.1207 358.0216
355.5791 264.1988 358.1439
354.8721 264.3345 358.5945
354.7776 264.4339 358.8402
354.6847 264.535 359.1037
354.4641 264.6371 359.3004
354.216 264.7599 359.4355
354.1931 264.999 359.8613
354.2304 265.0645 0.1796552
354.1671 265.0966 0.5157018
354.0969 265.1314 0.8356975
354.698 265.1014 1.053257
352.8972 264.956 1.495715
352.3358 265.1283 0.9073915
352.6782 265.317 0.2308744
353.098 265.5457 359.3048
352.4683 265.7018 358.2957
352.8294 265.791 357.2859
354.2429 265.6077 357.4319
355.3193 265.3661 357.9267
355.8305 265.3118 358.4028
356.0512 265.3687 358.6299
356.0543 265.6517 358.549
356.0603 265.8124 358.592
356.0637 265.9394 358.7392
355.8616 266.1134 358.9355
355.4184 266.3171 359.0716
354.5336 266.7646 359.1981
354.3512 266.9428 359.2196
354.2924 267.0867 359.3671
354.3998 267.1774 359.5618
354.5555 267.2433 359.6258
354.9045 267.4566 359.8088
355.0978 267.5391 359.9746
355.2076 267.6152 0.08145328
355.1715 267.7014 0.002611784
355.1178 267.8042 359.7619
355.1698 268.1072 359.2405
355.6157 268.1838 358.8977
353.9175 268.3004 359.1541
353.6235 268.2597 359.5581
354.8542 267.7086 0.4615052
354.7321 267.5123 0.9248464
355.2561 267.4184 1.141219
356.3421 267.4467 1.003698
357.3447 267.6577 0.6407014
359.1992 267.9951 359.8439
359.759 268.0579 359.6009
359.9597 268.0535 359.5692
0.0903774 267.9778 359.507
0.1710332 267.9101 359.4074
359.7703 267.7967 359.1804
359.3033 267.7535 358.9596
358.7641 267.7432 358.745
358.2448 267.716 358.6092
357.7613 267.69 358.5894
357.2971 267.562 358.9147
357.3683 267.4659 359.1649
357.5119 267.4145 359.3891
357.6488 267.4103 359.5695
357.5587 267.4238 359.7519
357.2515 267.4913 359.9839
356.6171 267.5907 0.7004033
356.702 267.6276 0.937573
357.3107 267.6371 1.027616
357.1008 267.4995 1.099831
355.5629 267.5622 0.5922219
355.9643 267.4946 359.857
355.6488 267.6135 358.898
354.8282 267.737 357.8406
355.0236 267.817 357.2232
357.0063 267.6233 357.0373
357.8539 267.5666 357.3637
358.4938 267.5695 357.8291
358.7685 267.6289 358.2554
358.5476 267.7614 358.5269
358.2163 267.9121 358.7679
357.9033 268.0964 359.4755
357.5915 268.1493 359.9388
357.166 268.207 0.3103021
356.6462 268.2816 0.5067814
355.8901 268.3748 0.5500988
355.7193 268.3731 0.5480134
355.723 268.3315 0.4812467
355.8748 268.3159 0.3618503
356.0316 268.3373 0.2562669
356.1599 268.556 0.09819102
355.7411 268.7763 359.9026
355.3677 269.0605 359.6356
355.1439 269.3228 359.3049
354.9818 269.5628 359.0434
353.7095 269.9283 358.6673
352.2727 270.0754 358.8521
352.0955 269.9137 359.5403
352.8938 269.5987 0.3610882
353.5646 269.411 1.077106
354.3659 269.4823 1.27495
355.2218 269.6544 1.059424
355.5518 269.8443 0.7139797
355.3725 269.9341 0.4320111
355.2929 269.8799 0.1130659
355.5254 269.8035 359.5051
355.6183 269.7978 359.3664
355.5658 269.8195 359.2716
355.2326 269.8579 359.1719
354.6086 269.9234 359.0454
353.8825 269.9938 358.9159
352.539 270.0183 358.816
352.0201 270.0125 358.9357
351.628 270.0146 359.2558
351.3144 270.0378 359.6418
350.9923 270.0871 0.2623006
350.9968 270.0347 0.5112131
350.9989 269.9454 0.7638977
350.8375 269.8202 1.074293
350.7642 269.6927 1.461432
350.5479 269.3857 2.247952
350.9518 269.1802 2.523087
350.5039 268.9074 2.753239
348.329 268.7213 2.638407
347.594 268.7211 2.227891
347.7346 268.6924 0.7950341
347.2242 268.6977 359.7959
346.6108 268.7865 359.062
347.0493 268.8429 358.769
348.1446 268.8122 358.9448
349.2586 268.9802 359.5636
349.4482 269.2177 359.6367
349.5611 269.4428 359.5723
349.5711 269.6236 359.5663
349.6792 269.7653 359.6316
349.9397 269.9974 0.0669397
349.9088 270.0904 0.4171245
349.8223 270.1757 0.7090036
349.6169 270.2772 0.8838288
349.2302 270.419 0.9257973
348.5006 270.6162 0.735926
348.3718 270.6432 0.6651435
348.4226 270.6448 0.634784
348.8358 270.6282 0.649524
349.4151 270.6217 0.4927848
349.7624 270.9312 359.5206
349.7939 271.1849 359.1286
349.723 271.4531 358.9279
350.0984 271.744 358.6938
350.3598 272.0299 358.4293
347.4774 272.2446 359.8924
348.1713 272.03 0.7069161
349.5525 271.8419 1.173753
350.0418 271.664 1.529737
349.8846 271.6273 1.549188
351.3029 271.7654 1.108733
351.9725 271.7363 0.8732025
352.5186 271.6785 0.5639415
353.2656 271.5864 0.2110702
354.0064 271.5141 0.02734087
354.9185 271.2619 359.8894
354.9921 271.1416 359.7916
354.7375 271.0258 359.7412
354.2924 270.9027 359.7382
353.7286 270.7913 359.7042
352.8122 270.6124 359.763
352.4201 270.5717 359.9478
352.169 270.5557 0.2159405
352.0698 270.5657 0.5178492
352.0229 270.589 0.78139
352.0812 270.5484 1.364692
352.0856 270.4608 1.743933
352.0772 270.3611 2.157853
352.0331 270.3191 2.563777
352.0634 270.2732 2.910191
353.3104 270.0473 3.114858
352.2274 269.8098 2.865548
351.4941 269.7015 2.32183
351.5079 269.7291 1.843533
352.1767 269.6394 1.051161
351.719 269.5836 359.3907
351.9897 269.4542 358.9156
353.1299 269.3317 358.7646
354.3292 269.1844 358.9776
355.289 269.1575 359.3549
356.416 269.3244 0.0911297
356.4822 269.502 0.3529527
356.4615 269.6921 0.5960653
356.5192 269.8374 0.8189706
356.6146 269.953 1.135249
356.4852 270.2834 1.678174
356.2074 270.5014 1.761257
355.8437 270.6859 1.784826
355.5609 270.8637 1.777126
355.5047 270.9908 1.678669
355.8368 271.218 1.378779
356.0667 271.3223 1.188917
356.3022 271.4366 0.9986737
356.3693 271.5976 0.7336228
356.5417 271.8172 0.382255
356.8596 272.4334 359.7427
357.3799 272.7869 359.4932
357.0338 273.181 359.386
355.4574 273.6601 359.6473
355.21 273.979 0.1512228
356.3062 274.3328 1.719131
356.801 274.5534 2.134991
356.6812 274.8936 2.021852
356.9109 275.4356 1.679205
357.5273 275.9566 1.144955
358.135 276.8632 359.9622
358.5852 277.2426 359.4992
359.2821 277.5178 359.2077
0.08207168 277.6199 359.0401
0.7525775 277.5658 358.9935
1.625752 277.043 358.8349
1.908191 276.6034 358.7776
2.109543 276.0868 358.8405
2.272244 275.4904 358.9957
2.497706 274.8669 359.2284
2.980285 273.7162 359.8449
3.03469 273.2732 0.1657079
3.007516 272.904 0.5841994
2.829258 272.5617 1.111156
2.700761 272.2834 1.48451
2.839655 272.0801 1.466139
2.960656 272.101 1.455777
2.932439 272.1522 1.474873
3.964056 272.213 1.385124
3.825442 272.0424 1.47526
3.215594 272.2014 2.477367
4.024361 272.2231 1.991037
3.939946 272.4618 1.203923
4.958537 272.7569 0.2467358
8.482974 273.316 359.9476
9.787366 273.3714 1.261502
10.19724 273.2318 3.103752
10.2443 273.0734 4.669908
10.19673 272.9398 5.761081
10.28913 272.8422 6.38529
10.24713 272.6368 6.929684
9.732082 272.4169 7.17562
9.167422 272.1074 7.502411
8.5606 271.7495 7.751952
7.868426 271.3837 7.891029
6.737278 270.6604 7.878785
6.233842 270.4363 7.789712
5.82857 270.2243 7.581242
5.373465 270.1287 7.394619
4.977684 270.1165 7.075532
4.678781 270.6492 6.251475
4.754073 271.1204 6.146994
4.73826 271.5298 6.164566
4.321819 271.501 5.37
2.639008 271.992 4.331912
1.907173 272.2622 4.025918
1.171448 272.4346 3.90501
0.645492 272.3135 3.865972
0.2215019 272.1367 3.965791
358.9505 271.6332 3.973005
357.8739 271.242 3.972751
356.3697 270.7049 3.788409
354.7138 270.5064 3.958063
353.3835 270.4861 3.95134
352.4315 270.2411 3.411387
353.2536 270.2085 2.917746
353.8637 270.2626 2.573015
354.3118 270.4916 2.490772
354.9338 270.6696 2.528546
356.328 270.9255 2.474082
356.8342 270.9112 2.466771
357.1015 270.9271 2.487541
357.2671 271.0092 2.536225
357.3977 271.0668 2.547926
357.6592 270.9681 2.579823
358.3948 270.3563 2.282397
358.8263 269.9509 2.14071
359.3257 269.4795 2.103745
359.7759 269.0648 2.107667
0.6449767 268.4255 2.029248
0.9758676 268.1654 1.948323
1.085778 267.976 1.989382
1.055993 267.7497 2.142273
0.9697845 267.4966 2.224799
0.757172 267.1341 2.202968
0.5866629 266.9769 2.216499
0.3360146 266.8093 2.28116
0.09838412 266.6544 2.329997
359.9901 266.5685 2.352672
0.1977542 266.4989 2.305606
0.2536171 266.4516 2.304346
0.2575627 266.3917 2.319924
0.2660423 266.308 2.246463
0.3174333 266.2361 2.158986
0.2751993 266.0604 2.010703
0.1384098 265.9382 2.057211
0.03574932 265.8025 2.164813
359.956 265.6323 2.3131
359.9029 265.4403 2.455697
359.759 265.1228 2.497827
359.6648 264.9974 2.454531
359.633 264.8868 2.4573
359.6691 264.8138 2.488509
359.7712 264.7564 2.434982
0.005125097 264.8065 2.266834
0.08864319 264.867 2.162194
0.152895 264.9001 2.151614
0.2441567 264.8972 2.159707
0.3478095 264.8657 2.151228
0.5377138 264.9228 2.129554
0.5254278 264.9593 2.173947
0.4788058 264.9736 2.236528
0.4550268 264.9384 2.263409
0.4552154 264.9014 2.313315
0.4850621 264.8739 2.328612
0.5257481 264.8208 2.253488
0.5240668 264.7815 2.305672
0.5526419 264.7238 2.358507
0.5925851 264.6945 2.383715
0.6631614 264.7686 2.299533
0.6969796 264.7995 2.230515
0.7033592 264.8005 2.237744
0.7202697 264.7896 2.20338
0.7450459 264.7896 2.167076
0.7935632 264.7298 2.179231
0.8444638 264.6872 2.191525
0.8524506 264.629 2.185834
0.8418212 264.5927 2.152442
0.7899865 264.5602 2.144408
0.7548774 264.5633 2.148524
0.7962057 264.5755 2.119863
0.8416547 264.596 2.052813
0.8924619 264.6124 1.962838
0.9334853 264.6502 1.954592
0.9181947 264.6876 1.977669
0.8751014 264.7224 1.96742
0.8355393 264.7512 2.003277
0.835864 264.7567 2.019375
0.8616223 264.7633 2.044154
0.9369263 264.7834 2.074798
0.9857541 264.8056 2.084193
1.027026 264.83 2.079767
1.024682 264.8474 2.140015
1.014264 264.8757 2.17775
0.9969522 264.8724 2.119657
0.9782352 264.8889 2.127802
0.9519935 264.913 2.124166
0.9501196 264.9462 2.057567
0.9614856 264.977 2.023291
0.9708949 264.9898 2.016406
0.9192317 264.9836 2.040049
0.8709322 264.9842 1.996178
0.8845816 264.9886 1.936218
0.9458994 265.0006 1.894982
0.955192 265.0298 1.936201
0.9448012 265.0424 1.940085
1.045458 265.0987 1.881545
1.173684 265.1422 1.804014
1.236094 265.1642 1.720625
1.176251 265.2224 1.714224
1.094736 265.2427 1.737874
0.9916524 265.2539 1.795079
0.9660013 265.2557 1.825291
0.9947874 265.2526 1.838266
1.103963 265.2836 1.760449
