-0.6785865 0.04775214 57.30674
-0.6788945 0.04766774 57.30668
-0.6791954 0.04765952 57.30647
-0.679863 0.04768264 57.30602
-0.6802721 0.0475865 57.30595
-0.6805992 0.04760778 57.30567
-0.681067 0.04768211 57.3054
-0.6817899 0.04809451 57.30441
-0.6821423 0.0481016 57.30408
-0.6826887 0.04801303 57.30372
-0.6831646 0.04788613 57.30341
-0.6837039 0.04778522 57.30307
-0.6844187 0.04791421 57.30235
-0.6847835 0.04797715 57.30191
-0.6852698 0.04814267 57.30127
-0.6857553 0.04828525 57.30063
-0.686501 0.04854447 57.29971
-0.688067 0.04880935 57.29819
-0.6888556 0.04911238 57.29716
-0.6898818 0.04953477 57.29602
-0.6909547 0.04989359 57.29463
-0.6922307 0.05024591 57.29319
-0.6934862 0.05050513 57.29157
-0.6961317 0.05114146 57.28794
-0.6975026 0.05165011 57.2857
-0.6988087 0.05227759 57.28335
-0.7002287 0.05288392 57.28091
-0.7030957 0.05408043 57.27595
-0.7047265 0.05435669 57.27333
-0.7066302 0.05446553 57.27055
-0.7084694 0.05440938 57.26764
-0.7103686 0.05410147 57.26497
-0.7138779 0.05340242 57.25927
-0.7157109 0.05366331 57.25573
-0.7178319 0.05410552 57.25214
-0.7199335 0.05441439 57.24807
-0.7222714 0.05429018 57.244
-0.7272434 0.05332136 57.2355
-0.7300029 0.05344296 57.23067
-0.7330155 0.05366635 57.22544
-0.7362242 0.05317068 57.22053
-0.7393441 0.05183172 57.21542
-0.7455938 0.04673421 57.20544
-0.7485211 0.04330099 57.19968
-0.7513299 0.04000139 57.19386
-0.7538917 0.03812325 57.18779
-0.7559748 0.03764856 57.181
-0.7590413 0.03695714 57.16604
-0.7602749 0.03721702 57.15813
-0.7613311 0.03799272 57.15021
-0.7623148 0.03885901 57.14196
-0.7632699 0.03910112 57.13334
-0.7652056 0.03882504 57.11516
-0.7661283 0.03843725 57.10518
-0.7669349 0.03767323 57.09484
-0.7674518 0.03630126 57.08344
-0.768069 0.03503263 57.07274
-0.7684948 0.03065348 57.04865
-0.7682745 0.02796268 57.03575
-0.7679255 0.02543068 57.02277
-0.7673795 0.02255487 57.0091
-0.7666113 0.01945257 56.99523
-0.7647176 0.01371825 56.96564
-0.7634349 0.01173139 56.94977
-0.7619281 0.01047254 56.93385
-0.7600949 0.009465933 56.91669
-0.7581093 0.009064436 56.8997
-0.7531869 0.01073146 56.86362
-0.7502036 0.01196408 56.84448
-0.7470293 0.01350117 56.82575
-0.7436132 0.01717925 56.80576
-0.7403934 0.0243535 56.78708
-0.7345793 0.03224516 56.74873
-0.7322944 0.03218937 56.73022
-0.7308049 0.03109431 56.71312
-0.7298064 0.02986884 56.69527
-0.7294713 0.0299542 56.67903
-0.7299125 0.03169632 56.6453
-0.7300215 0.03370452 56.62758
-0.7305086 0.03562903 56.61094
-0.7310519 0.03731847 56.59305
-0.7317562 0.039325 56.57642
-0.7331866 0.04386544 56.54192
-0.7338979 0.04587471 56.52468
-0.7346871 0.04746139 56.50805
-0.7350961 0.04951453 56.48969
-0.7355093 0.05091679 56.47274
-0.7358335 0.05013275 56.43727
-0.735633 0.04794979 56.41856
-0.7358683 0.04565406 56.40074
-0.735908 0.04317427 56.38142
-0.7362319 0.03893566 56.36308
-0.7370154 0.02875566 56.32432
-0.7384475 0.0241611 56.30252
-0.7396014 0.01921868 56.28303
-0.7410026 0.01448536 56.25842
-0.7428823 0.009729385 56.23838
-0.7478413 0.004538417 56.19592
-0.7510606 0.004329562 56.17316
-0.7548103 0.005200863 56.15144
-0.7589023 0.005729437 56.12862
-0.7631857 0.00701201 56.1062
-0.7717968 0.02146482 56.05978
-0.7766614 0.02733898 56.0354
-0.7804892 0.03010559 56.01251
-0.7838539 0.02993584 55.98935
-0.786153 0.02986979 55.96745
-0.7885043 0.03498602 55.92391
-0.7890252 0.0373168 55.90178
-0.7890445 0.03960133 55.88091
-0.7890092 0.04314518 55.85897
-0.7889047 0.04713154 55.83799
-0.7887378 0.05161667 55.79498
-0.7884725 0.05265474 55.77288
-0.7879057 0.0527389 55.75174
-0.7874576 0.05234838 55.72984
-0.7867216 0.05074668 55.70844
-0.7851945 0.04599905 55.66403
-0.7843512 0.04275775 55.64076
-0.7831632 0.03907681 55.61845
-0.7820212 0.0350666 55.59455
-0.7804881 0.03001475 55.57165
-0.7770236 0.02107811 55.52397
-0.7743043 0.01686788 55.4988
-0.7716263 0.01318216 55.47491
-0.7685863 0.01050878 55.44984
-0.7651786 0.00936079 55.42561
-0.7572364 0.006659269 55.37476
-0.753075 0.005133152 55.34907
-0.7487401 0.003568411 55.32284
-0.7446233 0.008801937 55.29768
-0.7409825 0.01755619 55.27311
-0.7346387 0.02084923 55.22277
-0.7322625 0.01959658 55.19941
-0.7301362 0.02171254 55.17579
-0.7287678 0.02685976 55.15323
-0.7267834 0.03349972 55.10862
-0.7254237 0.03745651 55.08645
-0.7240806 0.04203343 55.06499
-0.7227045 0.04518843 55.04279
-0.721074 0.04733348 55.02168
-0.7195735 0.04898572 55.00043
-0.7166855 0.0515486 54.95832
-0.7155197 0.05218649 54.93666
-0.714816 0.05239487 54.91431
-0.7139323 0.05078363 54.89196
-0.7119691 0.0442245 54.84594
-0.7117766 0.03945422 54.82284
-0.7110082 0.0346036 54.79937
-0.7108853 0.02947283 54.77657
-0.7107937 0.02330303 54.75286
-0.7115978 0.0095644 54.70593
-0.7126213 0.004014611 54.68169
-0.7147105 0.0007619858 54.65733
-0.7168981 -0.0012573 54.63245
-0.7202562 -0.001776695 54.60728
-0.7287225 -0.003567219 54.55721
-0.7334491 -0.005801678 54.53246
-0.7378567 -0.004103065 54.50655
-0.7417769 0.004610062 54.48206
-0.7450857 0.01177597 54.45721
-0.7509578 0.01319885 54.40872
-0.7530942 0.01598668 54.38589
-0.7540848 0.02126908 54.36269
-0.7547474 0.02531171 54.34016
-0.7547814 0.02808416 54.3183
-0.755362 0.03501844 54.27775
-0.7555014 0.03942192 54.25674
-0.7556566 0.04227948 54.23484
-0.7560787 0.04509842 54.21347
-0.7563568 0.04603314 54.19162
-0.7570387 0.04554665 54.14822
-0.7574165 0.04457855 54.12643
-0.757484 0.04246175 54.10376
-0.757793 0.04046607 54.08122
-0.7575672 0.03711569 54.05811
-0.7576485 0.0333221 54.03482
-0.755789 0.02409625 53.98843
-0.7543215 0.01959717 53.96465
-0.7530423 0.01503491 53.9413
-0.7509892 0.01117373 53.91727
-0.7465289 0.005716324 53.86891
-0.7463493 0.002777338 53.85056
-0.743338 0.002897739 53.82568
-0.740621 0.002913713 53.80105
-0.7372943 0.002904654 53.77592
-0.7309241 0.01214552 53.72641
-0.7273697 0.01854205 53.70299
-0.7249154 0.01968551 53.67847
-0.7230775 0.01710844 53.65441
-0.7215408 0.01816916 53.63168
-0.7206633 0.02670193 53.58704
-0.7204658 0.02871823 53.56566
-0.7205132 0.03104699 53.54491
-0.7208131 0.03481507 53.5256
-0.720578 0.03898561 53.50517
-0.7194105 0.04376578 53.46504
-0.7189471 0.04556692 53.4452
-0.7184949 0.04668343 53.42491
-0.7184867 0.046942 53.40606
-0.7180298 0.04647505 53.38516
-0.7165784 0.04376912 53.342
-0.7158023 0.04079485 53.32014
-0.7153906 0.03657389 53.29785
-0.7148158 0.03187156 53.27507
-0.7147223 0.02667737 53.25233
-0.7156314 0.01737428 53.20624
-0.7164465 0.01286459 53.18328
-0.7179238 0.008542299 53.15958
-0.7203343 0.004920959 53.13739
-0.723053 0.002752781 53.1135
-0.7298781 0.0009067059 53.0659
-0.7341494 -8.893013E-05 53.04225
-0.7387756 -0.001200199 53.01792
-0.7432206 0.001359701 52.99348
-0.747349 0.01238036 52.96959
-0.7540948 0.02446675 52.92126
-0.7568223 0.02387762 52.89875
-0.758765 0.02434301 52.87539
-0.7602887 0.02834129 52.85383
-0.761608 0.03339958 52.83205
-0.7624159 0.03848982 52.78941
-0.7623761 0.04184747 52.7682
-0.7628188 0.04558265 52.74741
-0.7628601 0.04851222 52.72598
-0.7629899 0.05057001 52.70526
-0.7629103 0.05175614 52.66306
-0.762491 0.05096912 52.64157
-0.7620623 0.04983449 52.61998
-0.7614198 0.04782414 52.59805
-0.7603684 0.04493117 52.57599
-0.757961 0.03802848 52.53201
-0.7565055 0.03371763 52.50951
-0.7548393 0.02934408 52.48701
-0.7529952 0.02508831 52.4641
-0.751159 0.02147698 52.4413
-0.74604 0.01461124 52.39474
-0.7430353 0.01251817 52.37092
-0.7400059 0.01175547 52.34737
-0.7362472 0.01187396 52.3232
-0.732253 0.01176 52.29886
-0.7239375 0.008603096 52.24982
-0.7200768 0.01116705 52.22496
-0.7171523 0.01919937 52.20223
-0.7142045 0.02341342 52.17783
-0.7114478 0.02381682 52.1529
-0.7084414 0.02789164 52.10635
-0.7081494 0.03280187 52.08346
-0.7081484 0.03653836 52.06131
-0.7081259 0.03931594 52.03928
-0.7082517 0.04259706 52.01785
-0.707325 0.04839635 51.9754
-0.7064363 0.04927325 51.95533
-0.7055342 0.05010998 51.93483
-0.7044179 0.05019414 51.91483
-0.7035205 0.05015266 51.8948
-0.7022429 0.04864812 51.85403
-0.7014505 0.04718411 51.83299
-0.7009251 0.04555857 51.81145
-0.7003468 0.04252219 51.78979
-0.700204 0.03892088 51.76781
-0.7001868 0.03040457 51.7237
-0.7003957 0.02565789 51.70102
-0.7012017 0.02075291 51.67803
-0.7022651 0.0161407 51.65509
-0.7043133 0.01212049 51.63213
-0.7098045 0.008657694 51.58534
-0.7132657 0.008244276 51.56157
-0.7175393 0.006939888 51.53767
-0.7217457 0.005048037 51.51389
-0.726275 0.003967524 51.4898
-0.7332448 0.01838374 51.44298
-0.7360775 0.02290797 51.41888
-0.7389498 0.02373743 51.39548
-0.7409897 0.02507138 51.37215
-0.7427846 0.02937698 51.34822
-0.7443811 0.03917599 51.30226
-0.7443571 0.04252768 51.27999
-0.7444749 0.04582572 51.25862
-0.7438855 0.04883814 51.23702
-0.7436503 0.05056429 51.21527
-0.7432677 0.05210209 51.17075
-0.742571 0.05247116 51.1487
-0.7422545 0.05159807 51.12618
-0.7413299 0.04986811 51.10374
-0.7414052 0.04718733 51.08074
-0.7390093 0.04149294 51.03442
-0.7376011 0.03747034 51.01106
-0.7360089 0.03287387 50.98647
-0.7340431 0.02782226 50.96262
-0.7328829 0.0228951 50.93998
-0.7290971 0.01495337 50.89244
-0.7261081 0.01125503 50.86787
-0.7237956 0.008770943 50.84434
-0.7201964 0.008363724 50.82006
-0.717471 0.006658554 50.79572
-0.7095957 0.001863718 50.74773
-0.7057078 0.0007293224 50.72305
-0.7026352 0.006120682 50.70042
-0.6993453 0.01489568 50.6777
-0.6960325 0.01631165 50.65491
-0.6927921 0.01425958 50.61032
-0.6913984 0.01919389 50.58759
-0.6905839 0.02417636 50.56316
-0.6898354 0.0265727 50.54117
-0.6891263 0.02830029 50.51898
-0.6871632 0.03496194 50.47633
-0.685827 0.03705645 50.4557
-0.6844406 0.03824878 50.43542
-0.6833025 0.03908646 50.41542
-0.682351 0.03979158 50.39626
-0.6802917 0.04017401 50.35631
-0.6789505 0.03979075 50.33374
-0.6782323 0.03797102 50.31229
-0.6772462 0.03440666 50.28876
-0.6766725 0.03014588 50.26657
-0.6761383 0.02114892 50.22044
-0.67618 0.01664591 50.19689
-0.6768823 0.01157665 50.17347
-0.6779853 0.006588936 50.14994
-0.6795307 0.002209902 50.12615
-0.6839201 -0.003256083 50.07749
-0.687279 -0.00472784 50.05375
-0.6910145 -0.005532742 50.02937
-0.6955332 -0.007296085 50.00589
-0.6999598 -0.008821249 49.98159
-0.7088491 0.004487514 49.93339
-0.7126641 0.012218 49.90993
-0.7159557 0.01377535 49.88552
-0.7191269 0.01202297 49.86252
-0.7211193 0.01251602 49.83889
-0.7233223 0.02204204 49.79383
-0.7237809 0.02435589 49.7719
-0.7239809 0.02633643 49.75051
-0.7243174 0.02962422 49.72942
-0.7247079 0.03341556 49.70845
-0.7255042 0.03925514 49.66637
-0.7257147 0.04156542 49.64552
-0.7258496 0.04288316 49.62418
-0.7257275 0.04324436 49.60361
-0.7256007 0.04252195 49.58168
-0.7253309 0.03829765 49.53693
-0.725226 0.03457236 49.51426
-0.7245451 0.03013086 49.49085
-0.7236921 0.02503967 49.46738
-0.7225763 0.020298 49.44356
-0.7195498 0.01074171 49.39556
-0.7176109 0.005657434 49.37098
-0.7152431 0.001657486 49.34623
-0.7128007 -0.0005555153 49.32236
-0.7096981 -0.0009081364 49.2975
-0.7026482 -0.002982616 49.24813
-0.6982001 -0.005281687 49.2235
-0.6944605 -0.00435257 49.19824
-0.6905074 0.004349709 49.17564
-0.6851724 0.009339809 49.12789
-0.6834739 0.008789778 49.10509
-0.6818147 0.01228404 49.08215
-0.6810454 0.01851225 49.05994
-0.6799432 0.02292824 49.03859
-0.678347 0.02927756 48.99597
-0.6777596 0.03303766 48.97593
-0.6767551 0.03543139 48.95486
-0.6759639 0.03731179 48.93521
-0.6751196 0.03771782 48.91315
-0.6730136 0.03696692 48.87143
-0.6719728 0.03580904 48.85126
-0.6714171 0.0333302 48.82913
-0.6706891 0.0312984 48.80797
-0.6700009 0.02861166 48.78532
-0.6687789 0.02140641 48.74244
-0.668842 0.01653814 48.72003
-0.6685028 0.01178169 48.69532
-0.6692307 0.00699544 48.67238
-0.6698816 0.002648354 48.64784
-0.6729017 -0.00457859 48.60009
-0.6755098 -0.006615162 48.57643
-0.6769727 -0.006331444 48.55598
-0.6805065 -0.007323265 48.53206
-0.6848124 -0.01007867 48.50724
-0.6928765 -0.007184982 48.45858
-0.6961079 0.003448248 48.43555
-0.6995901 0.009184361 48.41177
-0.7024808 0.01081324 48.38806
-0.7051236 0.009813309 48.3646
-0.7072305 0.01375055 48.32178
-0.7074897 0.01894259 48.29951
-0.7073933 0.02359486 48.27783
-0.7073184 0.02766824 48.25687
-0.7069948 0.03285575 48.23707
-0.7068046 0.03910613 48.19724
-0.7068485 0.04033589 48.17674
-0.7070795 0.04106402 48.1557
-0.7070538 0.04089308 48.13501
-0.7071418 0.04020786 48.11502
-0.7069696 0.03725052 48.07203
-0.706393 0.03441405 48.04982
-0.7053316 0.03193545 48.02928
-0.7040747 0.02792454 48.00669
-0.7030581 0.02187419 47.98273
-0.698826 0.01198077 47.93603
-0.6962799 0.008030415 47.91286
-0.6932302 0.003825188 47.88903
-0.6898828 0.0004076958 47.86564
-0.6861948 -0.001185179 47.84196
-0.6770651 -0.002438784 47.79343
-0.6718554 -0.002957106 47.76785
-0.667115 -0.00368166 47.74336
-0.6618847 0.00250721 47.7182
-0.6579149 0.01264834 47.69576
-0.6503576 0.01545882 47.64706
-0.6485518 0.01192522 47.62308
-0.6466141 0.01232457 47.60083
-0.6457186 0.01559711 47.57654
-0.6449108 0.01944327 47.55494
-0.643841 0.02555299 47.51174
-0.6423757 0.03106856 47.48816
-0.6408265 0.03462696 47.46751
-0.63934 0.03778434 47.44499
-0.6375397 0.03928435 47.42506
-0.6346895 0.04086316 47.38765
-0.6330916 0.04140198 47.3677
-0.6315845 0.04136968 47.3471
-0.6301901 0.04139566 47.32488
-0.628764 0.0396328 47.30354
-0.6262861 0.03479576 47.25706
-0.6250602 0.03152061 47.2337
-0.6243207 0.02718639 47.21109
-0.6242373 0.02411652 47.18456
-0.6244589 0.01977897 47.16124
-0.6261945 0.01306081 47.11466
-0.6278774 0.01183677 47.08942
-0.630417 0.01125383 47.06534
-0.6332667 0.01127172 47.04084
-0.6366897 0.01089716 47.01648
-0.6442432 0.01218438 46.96658
-0.6477004 0.02143574 46.9426
-0.6509062 0.031394 46.91933
-0.6536684 0.03437614 46.89549
-0.6560113 0.0327487 46.8718
-0.6580581 0.0335269 46.82649
-0.6578972 0.03900766 46.80614
-0.6574745 0.04366255 46.78436
-0.6572049 0.04646444 46.76211
-0.6564634 0.05051446 46.74094
-0.65553 0.05922174 46.69841
-0.6550859 0.06194925 46.67739
-0.6542631 0.06367493 46.65594
-0.6532365 0.0633049 46.63718
-0.6521629 0.06223679 46.6158
-0.6496944 0.05810332 46.57341
-0.6482981 0.05614495 46.55133
-0.6465926 0.05328536 46.52857
-0.644695 0.05004191 46.50447
-0.6425425 0.046067 46.48127
-0.6374087 0.03600597 46.43814
-0.6342757 0.0303793 46.41885
-0.6307907 0.02603126 46.39516
-0.6270377 0.0220046 46.37267
-0.6230226 0.02050352 46.34892
-0.6140521 0.0189712 46.30064
-0.6090454 0.01746273 46.27719
-0.604127 0.01556301 46.25342
-0.5990126 0.01486588 46.23323
-0.5948493 0.0225451 46.21055
-0.5877018 0.02867842 46.16542
-0.5848976 0.02800488 46.1439
-0.5826239 0.03013182 46.12144
-0.5811676 0.03531289 46.09988
-0.5801334 0.04021931 46.07849
-0.5787684 0.0454452 46.03695
-0.5784223 0.04953909 46.01708
-0.5778224 0.05378461 45.99691
-0.5773997 0.05570436 45.9762
-0.5766045 0.05712175 45.95618
-0.5753871 0.05843186 45.91583
-0.5749608 0.0575738 45.89519
-0.574223 0.05628443 45.87456
-0.5739062 0.05430007 45.85239
-0.5732327 0.05201578 45.83092
-0.5731225 0.04450798 45.78662
-0.5728379 0.04000354 45.76387
-0.5728848 0.0356276 45.74142
-0.5734491 0.03060961 45.71726
-0.574248 0.02529263 45.69403
-0.5769644 0.01631284 45.647
-0.5787136 0.01322007 45.62196
-0.5812385 0.01123929 45.59847
-0.5840548 0.009969711 45.57286
-0.5873513 0.008621693 45.54906
-0.5940365 0.00628829 45.49716
-0.5972744 0.0139842 45.47308
-0.5999084 0.02402377 45.44823
-0.6023548 0.02783871 45.42353
-0.6039639 0.02748656 45.39937
-0.6057618 0.02670693 45.35323
-0.6055927 0.03106093 45.33099
-0.6053185 0.0351913 45.30864
-0.6046501 0.03781843 45.28696
-0.6040797 0.04149687 45.26435
-0.6029319 0.04934883 45.22183
-0.6021901 0.05238163 45.20049
-0.6005654 0.05589914 45.17809
-0.5998777 0.05760276 45.15673
-0.5993837 0.05771422 45.13562
-0.5970534 0.05626392 45.09163
-0.596155 0.0544591 45.06897
-0.5940405 0.05293822 45.04544
-0.5925813 0.05021286 45.02208
-0.5896876 0.0473876 44.99872
-0.5842528 0.03735709 44.95233
-0.5812595 0.03195357 44.92879
-0.5774011 0.02749705 44.90546
-0.5739485 0.02337551 44.88161
-0.5698198 0.0201664 44.85924
-0.5625426 0.01679659 44.81569
-0.5580817 0.01525998 44.79209
-0.5525798 0.0134964 44.76768
-0.5478592 0.01132941 44.74406
-0.5429083 0.01519179 44.72042
-0.5342698 0.02976608 44.67238
-0.5309715 0.0298605 44.64978
-0.5288264 0.02917051 44.6295
-0.5268779 0.03217793 44.60752
-0.525991 0.03732395 44.58735
-0.5242854 0.04460096 44.54627
-0.5234361 0.04800749 44.52624
-0.5225496 0.05196249 44.50636
-0.5212551 0.05443609 44.48654
-0.5188931 0.05778146 44.44673
-0.518075 0.05901349 44.42612
-0.5167013 0.05860126 44.4062
-0.5159806 0.05847967 44.38403
-0.5146956 0.05730033 44.36319
-0.512427 0.05341613 44.32328
-0.5119826 0.05012679 44.30224
-0.5110755 0.04578733 44.28009
-0.5108592 0.04070687 44.25891
-0.5103914 0.03610468 44.23624
-0.5106232 0.03118539 44.21588
-0.5122905 0.02277684 44.17208
-0.5136545 0.01956415 44.14883
-0.5159214 0.0176239 44.12778
-0.5185925 0.01667118 44.10442
-0.5255706 0.01440263 44.05984
-0.5297062 0.01299381 44.03812
-0.5333967 0.01323986 44.01422
-0.5371479 0.02120733 43.99217
-0.5405481 0.03170562 43.97023
-0.5468628 0.03427863 43.92324
-0.5468628 0.03427863 43.92324
-0.5514069 0.04037046 43.87876
-0.5528394 0.04569054 43.85644
-0.5532896 0.04935408 43.83424
-0.5532383 0.05487704 43.79289
-0.5540615 0.05621529 43.77505
-0.5541644 0.05792403 43.75402
-0.5548003 0.05987859 43.73225
-0.5547634 0.06198883 43.71104
-0.5547723 0.06272125 43.69088
-0.5539688 0.06097937 43.64929
-0.5534441 0.05954862 43.62735
-0.55282 0.05710769 43.60608
-0.5520278 0.05396128 43.58384
-0.5505637 0.04971099 43.56105
-0.5478236 0.03983641 43.5153
-0.5462357 0.03531075 43.4922
-0.5446327 0.03103518 43.46931
-0.5425076 0.02665114 43.44611
-0.538285 0.01817369 43.40163
-0.5353388 0.01661563 43.37785
-0.5325093 0.01566315 43.354
-0.530032 0.01300526 43.33172
-0.5270448 0.0107975 43.30783
-0.5247054 0.01036239 43.28543
-0.5201972 0.02430272 43.2403
-0.5187105 0.02451229 43.21655
-0.5179638 0.02374983 43.19366
-0.5177445 0.02660847 43.17093
-0.5191676 0.03435826 43.12775
-0.5208024 0.03706336 43.10548
-0.5219208 0.03985405 43.08496
-0.5224634 0.04378057 43.06435
-0.5226649 0.04618716 43.04337
-0.5232138 0.04746056 43.0032
-0.5235556 0.04794657 42.98296
-0.5236596 0.04656959 42.96278
-0.5241205 0.04505873 42.94234
-0.5245298 0.04224253 42.92148
-0.526377 0.03664267 42.87931
-0.5272461 0.03358102 42.85747
-0.5284625 0.02932906 42.83442
-0.5297527 0.02537537 42.81171
-0.5314624 0.02224898 42.78897
-0.5339006 0.0143714 42.74165
-0.5362092 0.01018286 42.7179
-0.5395074 0.006106377 42.6967
-0.5428789 0.00287199 42.67323
-0.5454679 -0.0004920959 42.65333
-0.5526377 -0.01023912 42.60896
-0.5572228 -0.01304507 42.5853
-0.5590925 -0.0106802 42.56144
-0.5626178 0.0004718304 42.54004
-0.565032 0.007588148 42.51599
-0.5705398 0.009805918 42.47031
-0.5721374 0.01372957 42.4485
-0.5731199 0.0204246 42.42767
-0.573348 0.02387333 42.40633
-0.5731826 0.02661276 42.3856
-0.5728349 0.0305562 42.36532
-0.5724627 0.03781819 42.32502
-0.572463 0.04001069 42.30474
-0.5725183 0.0419023 42.28442
-0.5725763 0.04293394 42.26409
-0.5714794 0.04192567 42.22177
-0.5713297 0.04051471 42.20042
-0.5718571 0.03496122 42.18595
-0.5713938 0.03224802 42.16412
-0.5706998 0.02611542 42.14521
-0.565909 0.01756263 42.10052
-0.5639695 0.01261926 42.07809
-0.5618567 0.007748365 42.05598
-0.5597327 0.003297329 42.03348
-0.5589644 -0.001976252 42.01098
-0.5529751 -0.005924225 41.96561
-0.5494789 -0.006541252 41.94251
-0.5457281 -0.007135868 41.9195
-0.5418792 -0.008291721 41.8964
-0.5378306 -0.008858919 41.87296
-0.5304961 0.004061699 41.82926
-0.5273595 0.006489754 41.80593
-0.5248253 0.005620956 41.78322
-0.5228739 0.005509853 41.76089
-0.5214137 0.00803709 41.73938
-0.5197077 0.01233196 41.6968
-0.5193088 0.01427174 41.67587
-0.5188175 0.01787233 41.65514
-0.5180649 0.02176666 41.63467
-0.5172104 0.02413225 41.61403
-0.5152435 0.0283463 41.56684
-0.5142464 0.02815056 41.54654
-0.5132809 0.02717853 41.52603
-0.5124117 0.02582479 41.50526
-0.5115908 0.02422881 41.48404
-0.5099247 0.01943755 41.44049
-0.5092337 0.01588655 41.41824
-0.5088369 0.01213694 41.39561
-0.5088211 0.008601189 41.37293
-0.5091578 0.004599094 41.34992
-0.5108076 -0.004930973 41.30319
-0.512136 -0.009743929 41.27964
-0.5139204 -0.013623 41.25625
-0.5162703 -0.01634884 41.23293
-0.5191405 -0.01843429 41.2094
-0.5259084 -0.02301764 41.16208
-0.5292658 -0.02408242 41.13807
-0.532466 -0.01671004 41.11507
-0.5351622 -0.005390644 41.0936
-0.537295 -0.0007538795 41.06967
-0.5399236 -0.0009675026 41.02408
-0.5400014 0.001086712 41.00282
-0.5392586 0.005369663 40.98196
-0.5384309 0.009596586 40.96138
-0.5374762 0.008554697 40.95988
-0.535743 0.007447958 40.95835
-0.5356073 0.007332802 40.95818
-0.5358119 0.007287979 40.95812
-0.5360253 0.007259369 40.95808
-0.5360481 0.007155657 40.95793
-0.5357347 0.007005692 40.95772
-0.5357132 0.007310867 40.95815
-0.5357581 0.007879019 40.95892
-0.5359704 0.008420229 40.95966
-0.5362015 0.008847237 40.96029
-0.5366504 0.009272337 40.96092
-0.5369593 0.009211302 40.96082
-0.537007 0.009114027 40.96067
-0.53672 0.008873701 40.96033
-0.5364507 0.008622646 40.95997
-0.5003639 -0.01402617 40.52025
-0.4964327 -0.01380253 40.49686
-0.491565 -0.01356077 40.47389
-0.4868975 -0.01317072 40.44992
-0.4819707 -0.01044726 40.42621
-0.4734663 0.00595808 40.38143
-0.4700137 0.006772518 40.35679
-0.4668406 0.004866123 40.33354
-0.4645003 0.004425764 40.31034
-0.4625248 0.006947517 40.28857
-0.4598513 0.01308131 40.24547
-0.4585088 0.016366 40.22408
-0.456743 0.02149343 40.20347
-0.455275 0.02642703 40.18257
-0.4534481 0.02907228 40.16193
-0.4499218 0.03140378 40.12219
-0.448929 0.0312562 40.10053
-0.44757 0.03064382 40.08042
-0.4467251 0.03077424 40.05703
-0.4455451 0.03002715 40.0361
-0.4435574 0.02518368 39.99151
-0.442335 0.02104425 39.96997
-0.441644 0.01677227 39.94836
-0.441194 0.01119542 39.92507
-0.4413027 0.006767988 39.90298
-0.4427953 -0.001513243 39.8577
-0.4439338 -0.005491734 39.83453
-0.4455856 -0.008369207 39.8123
-0.447619 -0.01103878 39.78839
-0.4502469 -0.01203322 39.76592
-0.4567935 -0.0130415 39.71992
-0.4606082 -0.01224017 39.69615
-0.464092 -0.005844355 39.67343
-0.4674033 0.002550125 39.64635
-0.4703606 0.008392572 39.62283
-0.4747043 0.01080465 39.57652
-0.4758557 0.01044726 39.55016
-0.4763263 0.01317859 39.52827
-0.4767929 0.01621723 39.50333
-0.4762468 0.02019453 39.4571
-0.475626 0.02321053 39.43554
-0.4759582 0.02696061 39.41181
-0.4758919 0.02894902 39.38973
-0.4762749 0.03226209 39.36162
-0.4759938 0.03284597 39.33952
-0.4755638 0.03196144 39.2943
-0.4754618 0.03089714 39.27071
-0.4743708 0.02944636 39.24741
-0.4730161 0.02839017 39.22429
-0.4716384 0.02579832 39.20037
-0.4680387 0.01840401 39.15284
-0.465128 0.01417232 39.1294
-0.4620042 0.01011348 39.10517
-0.4587992 0.006349802 39.08152
-0.4514569 -5.102158E-05 39.03343
-0.447594 -0.001231432 39.00913
-0.4429603 -0.001283646 38.98602
-0.4386648 -0.001595259 38.96152
-0.4340064 -0.002251625 38.93761
-0.429797 -0.003438711 38.91282
-0.422514 0.007398605 38.86631
-0.4196688 0.01394463 38.84393
-0.4171578 0.01581001 38.81921
-0.4146858 0.0157733 38.79592
-0.4116642 0.02201557 38.74982
-0.4112072 0.02527761 38.72679
-0.4109815 0.02648258 38.70489
-0.4106092 0.0289259 38.68249
-0.4101875 0.03227639 38.66244
-0.4082365 0.03586864 38.61939
-0.4070894 0.03609252 38.5974
-0.4055384 0.03544712 38.57676
-0.4042836 0.0341053 38.55463
-0.4032836 0.03279614 38.53344
-0.4009487 0.02996564 38.48935
-0.3999933 0.02750897 38.46627
-0.3988328 0.02424407 38.44487
-0.3981704 0.0203526 38.42138
-0.3980898 0.0166173 38.39962
-0.3985039 0.008984566 38.35439
-0.3992358 0.00429821 38.33033
-0.400444 -0.0005550385 38.30801
-0.4018053 -0.005090475 38.28522
-0.4036775 -0.007578373 38.26134
-0.4089715 -0.01215982 38.21386
-0.412316 -0.01461744 38.19022
-0.4158431 -0.01707363 38.16574
-0.4194776 -0.01813912 38.14228
-0.4225695 -0.01070285 38.11909
-0.425098 -0.001946926 38.09789
-0.4292698 0.00293684 38.05037
-0.4306692 0.005773067 38.02681
-0.4314695 0.009783745 38.00493
-0.4316148 0.01270151 37.98204
-0.4302419 0.01609039 37.93808
-0.4293965 0.01905775 37.91706
-0.4287851 0.0227704 37.89527
-0.4284161 0.0261631 37.87381
-0.4282508 0.02876639 37.85173
-0.4272078 0.03084302 37.80863
-0.4268242 0.03021049 37.78703
-0.42639 0.02897 37.76414
-0.4257537 0.02764034 37.74071
-0.4250721 0.02550983 37.71724
-0.4216502 0.01950979 37.67052
-0.4194852 0.0150795 37.6464
-0.4172846 0.009477615 37.62154
-0.4148363 0.003290653 37.59806
-0.4123411 -0.002841473 37.57343
-0.4066091 -0.01294017 37.52504
-0.4032099 -0.01625538 37.50133
-0.399645 -0.01782513 37.4768
-0.3961435 -0.01791692 37.45282
-0.3923655 -0.01801562 37.42814
-0.3851569 -0.0174036 37.37873
-0.3818225 -0.01066661 37.3553
-0.3790665 -0.003180027 37.33162
-0.3769805 -0.0006272793 37.30558
-0.3745977 -0.0007758141 37.28112
-0.3714058 0.003458977 37.23277
-0.3705324 0.005905867 37.20946
-0.3697785 0.007474899 37.18606
-0.369097 0.01085615 37.163
-0.3682897 0.01634741 37.14056
-0.3659403 0.02228284 37.09561
-0.3649297 0.02243662 37.07384
-0.3636315 0.02219415 37.05175
-0.362873 0.02128172 37.0299
-0.3621125 0.0200417 37.00768
-0.3615873 0.01713657 36.9625
-0.36174 0.01516604 36.94067
-0.3615091 0.01203537 36.91714
-0.3617906 0.007928371 36.89405
-0.3619258 0.003358364 36.87013
-0.3635252 -0.007568121 36.82355
-0.3651477 -0.01355577 36.80019
-0.3668412 -0.01835179 36.77571
-0.3691099 -0.02252436 36.75003
-0.3718486 -0.02492452 36.72555
-0.379426 -0.02802801 36.6751
-0.3835465 -0.03049564 36.64888
-0.3872332 -0.03244376 36.6237
-0.3912129 -0.02908611 36.59885
-0.3944092 -0.01951265 36.57612
-0.3998905 -0.01575804 36.52594
-0.4014999 -0.0175817 36.50143
-0.4022262 -0.01575518 36.47834
-0.4025965 -0.01216364 36.45489
-0.4023153 -0.008633375 36.43229
-0.4024724 -0.001846075 36.3877
-0.4029346 0.001602411 36.36347
-0.4032874 0.004905462 36.34114
-0.4036966 0.006686211 36.31654
-0.4038283 0.00851202 36.29433
-0.4034818 0.009258151 36.24751
-0.4034663 0.008475065 36.22545
-0.4025999 0.007160902 36.20206
-0.4018207 0.005648136 36.17795
-0.4007562 0.003336668 36.15363
-0.398439 -0.002085686 36.10267
-0.3968718 -0.005832672 36.07803
-0.3946061 -0.01024652 36.05238
-0.3925422 -0.01482368 36.02762
-0.3899462 -0.02042747 36.00184
-0.3844585 -0.02825975 35.95182
-0.3809066 -0.02971244 35.92737
-0.3770637 -0.0307343 35.90152
-0.3732271 -0.03128219 35.87802
-0.3695199 -0.03274298 35.8522
-0.3625635 -0.02611589 35.80482
-0.3601805 -0.01884127 35.78145
-0.3574461 -0.01561737 35.75579
-0.3555675 -0.01423359 35.73162
-0.3543797 -0.01072145 35.70609
-0.3531348 -0.003505468 35.65758
-0.3528564 -0.001283407 35.6346
-0.3527598 0.001708984 35.61061
-0.3520681 0.00522089 35.58826
-0.3513998 0.007021904 35.56574
-0.3492556 0.007289886 35.52042
-0.3482527 0.006718874 35.49854
-0.3452278 0.005360603 35.473
-0.3441405 0.004121304 35.45053
-0.3434137 0.003041148 35.42628
-0.3426291 -0.0004954338 35.37834
-0.3421237 -0.003558517 35.3539
-0.3423895 -0.007796288 35.32851
-0.3422647 -0.0117296 35.30377
-0.3428392 -0.01519501 35.27828
-0.3441108 -0.02517939 35.22771
-0.3450648 -0.02991867 35.20236
-0.3477906 -0.03332496 35.17913
-0.3502278 -0.03555977 35.15411
-0.3541028 -0.03702343 35.12952
-0.3632403 -0.04011774 35.08001
-0.3675247 -0.04293919 35.05466
-0.3719852 -0.04050255 35.02818
-0.3750908 -0.030756 35.00481
-0.3790778 -0.02502608 34.98186
-0.3830152 -0.02205515 34.93231
-0.3834064 -0.01736975 34.90868
-0.3835197 -0.01351094 34.8878
-0.3828436 -0.01108718 34.86473
-0.3827181 -0.008700848 34.84475
-0.3848411 -7.760525E-05 34.81087
-0.3840361 0.003621697 34.78886
-0.3847876 0.006317616 34.76834
-0.3840636 0.008261919 34.74631
-0.3839498 0.00838995 34.72685
-0.3825516 0.005531073 34.68419
-0.3813156 0.003584862 34.66153
-0.3801344 0.001093507 34.64006
-0.3785314 -0.001894236 34.61643
-0.3769219 -0.005914927 34.59411
-0.3724948 -0.01471925 34.5463
-0.3695614 -0.01978064 34.52204
-0.3664943 -0.02554822 34.49792
-0.3629726 -0.03116369 34.47346
-0.3590399 -0.03643346 34.45066
-0.3513614 -0.04068351 34.39976
-0.346791 -0.04114985 34.37476
-0.3417508 -0.04217768 34.35129
-0.3368755 -0.04354548 34.32632
-0.3318193 -0.0420301 34.30302
-0.3217907 -0.02456689 34.25852
-0.3181427 -0.02233243 34.23347
-0.3144383 -0.02304435 34.21272
-0.3121002 -0.02134728 34.18939
-0.3096753 -0.01725674 34.16733
-0.3069126 -0.01125669 34.12357
-0.305617 -0.007082701 34.10209
-0.3031491 -0.001997948 34.08382
-0.3012746 0.001986027 34.0627
-0.2990375 0.004326463 34.04189
-0.2950495 0.005625248 34.00021
-0.2930846 0.005087733 33.97993
-0.2918409 0.004173517 33.95825
-0.2901413 0.003035784 33.93726
-0.2894117 0.001900792 33.91484
-0.2875164 -0.00330925 33.87135
-0.286518 -0.007677794 33.84915
-0.2862046 -0.01332998 33.82699
-0.2857884 -0.01865268 33.80469
-0.2865946 -0.02393794 33.78074
-0.2892165 -0.03426528 33.734
-0.290906 -0.03822756 33.711
-0.2939419 -0.04038978 33.68677
-0.2962927 -0.04212308 33.66362
-0.3002844 -0.04302621 33.63869
-0.3074773 -0.04526424 33.58933
-0.3107283 -0.03904128 33.56541
-0.3142026 -0.02810979 33.54386
-0.3169372 -0.02251983 33.51956
-0.3207555 -0.02298665 33.47146
-0.3223822 -0.0209775 33.44792
-0.3217699 -0.0174098 33.42621
-0.3221177 -0.0141573 33.4044
-0.3211332 -0.01185036 33.38301
-0.3197294 -0.002063036 33.33922
-0.3207101 0.002868891 33.31607
-0.3199565 0.005177498 33.29434
-0.3189937 0.006034136 33.27058
-0.3190028 0.006726384 33.24855
-0.3178113 0.005890012 33.22695
-0.3158064 0.00373292 33.18115
-0.3149365 0.003103971 33.15768
-0.3135485 0.000844717 33.13464
-0.3120922 -0.001914501 33.11099
-0.3089709 -0.009563208 33.06248
-0.3066573 -0.01405048 33.03875
-0.3040601 -0.01831913 33.0133
-0.3012067 -0.02314544 32.98957
-0.2983602 -0.02713227 32.96521
-0.2918777 -0.029989 32.91602
-0.2883553 -0.02963924 32.89196
-0.2850476 -0.02918172 32.86646
-0.2813999 -0.02994275 32.84233
-0.2778964 -0.02916884 32.81602
-0.2718238 -0.01331806 32.76809
-0.26901 -0.008767366 32.74321
-0.2667347 -0.007319212 32.71729
-0.2647506 -0.00600028 32.6927
-0.26319 -0.002854109 32.66827
-0.262495 0.001411676 32.62048
-0.2624247 0.002505779 32.59768
-0.2618442 0.00567174 32.57417
-0.2608609 0.009518266 32.55224
-0.2595384 0.01112103 32.52972
-0.2571789 0.01221704 32.48451
-0.2558537 0.0115577 32.46313
-0.2550765 0.01034796 32.44119
-0.2540577 0.00943625 32.41937
-0.2544733 0.008337617 32.39906
-0.2543651 0.00447917 32.35571
-0.2542439 0.001249552 32.33284
-0.2549508 -0.002928257 32.30775
-0.2554925 -0.008154392 32.28466
-0.2567122 -0.01427388 32.25992
-0.2605471 -0.02429628 32.21326
-0.2628071 -0.02806234 32.18966
-0.2660959 -0.03022647 32.16521
-0.2695117 -0.03158545 32.14164
-0.27429 -0.03210592 32.11588
-0.2844326 -0.03395081 32.06748
-0.2890791 -0.02624559 32.04405
-0.2953213 -0.01606822 32.02425
-0.2993625 -0.01123977 31.9997
-0.3035945 -0.009511709 31.97824
-0.3082878 -0.007372141 31.93393
-0.3088483 -0.003851175 31.91188
-0.3094429 -0.0001285076 31.89077
-0.3090923 0.002296925 31.86909
-0.30903 0.005576849 31.84711
-0.3084923 0.0132978 31.80452
-0.308234 0.01516795 31.78282
-0.3088931 0.0163765 31.7624
-0.3084589 0.01640344 31.74092
-0.3084977 0.0161165 31.71976
-0.3078109 0.01450324 31.67502
-0.3068175 0.01248574 31.65187
-0.3058844 0.01065779 31.62717
-0.3045369 0.008122921 31.60345
-0.3038004 0.00513339 31.58031
-0.2993997 -0.004575729 31.53292
-0.2965507 -0.009218216 31.50869
-0.2938664 -0.01409006 31.483
-0.2907842 -0.01694894 31.45844
-0.2873701 -0.01797366 31.43434
-0.2793711 -0.01919341 31.38455
-0.2750682 -0.02029347 31.36015
-0.2706016 -0.02265239 31.33633
-0.2660931 -0.02329302 31.3116
-0.2617543 -0.01647496 31.28648
-0.2553032 -0.007085085 31.23807
-0.2529455 -0.009555578 31.21333
-0.2511709 -0.0095222 31.19043
-0.2499363 -0.004824162 31.16812
-0.2494668 -0.002235651 31.14472
-0.249481 0.002295494 31.10108
-0.2496326 0.007291555 31.08026
-0.2496288 0.01081896 31.05888
-0.2496833 0.01339841 31.03812
-0.2496571 0.0157578 31.01779
-0.2494254 0.01501584 30.97624
-0.2496902 0.01394415 30.95555
-0.2499392 0.01169479 30.9308
-0.2503238 0.009829402 30.90906
-0.2513049 0.006735563 30.8861
-0.252733 -0.002386093 30.84057
-0.2536784 -0.007230043 30.8178
-0.2550421 -0.01297212 30.79413
-0.2567279 -0.01842308 30.77077
-0.2582963 -0.02483892 30.74591
-0.2630169 -0.03427076 30.69683
-0.2656682 -0.03688598 30.67002
-0.269354 -0.03820014 30.64566
-0.2745807 -0.03804255 30.62046
-0.2791435 -0.03972292 30.59597
-0.2854353 -0.03124046 30.54714
-0.2889836 -0.02376056 30.5227
-0.2926353 -0.02159023 30.498
-0.2968239 -0.02058959 30.47161
-0.2991737 -0.01846433 30.4478
-0.3038027 -0.008883238 30.40054
-0.3054642 -0.005750656 30.37579
-0.3060783 -0.003451824 30.35305
-0.3077157 0.0006656647 30.33058
-0.3082967 0.004024506 30.30785
-0.3098093 0.01003695 30.26021
-0.3097052 0.01144195 30.23688
-0.3092985 0.01171803 30.21363
-0.3093366 0.01088405 30.18645
-0.3090825 0.009265423 30.16275
-0.3092113 0.005565643 30.11433
-0.3093098 0.004866362 30.08578
-0.3087267 0.001440048 30.06099
-0.3093185 -0.00305748 30.03624
-0.3081082 -0.008704424 30.01148
-0.3071289 -0.01791263 29.96154
-0.306757 -0.02172828 29.93645
-0.3054658 -0.02514315 29.91112
-0.3053122 -0.02552795 29.88291
-0.3035952 -0.02614903 29.85776
-0.2974767 -0.02415442 29.80165
-0.2959198 -0.02476406 29.77561
-0.2931703 -0.02573848 29.74973
-0.2920759 -0.02133512 29.72393
-0.2903018 -0.01420212 29.70062
-0.2886095 -0.01252317 29.65141
-0.2880427 -0.01133275 29.62874
-0.287433 -0.006653547 29.6053
-0.2879303 -0.0012815 29.58117
-0.2880287 0.002593994 29.55851
-0.2882536 0.0120151 29.51434
-0.2882334 0.01546764 29.49254
-0.287663 0.01825666 29.47117
-0.2873325 0.02000427 29.4511
-0.2867371 0.0210731 29.42982
-0.2858562 0.01856685 29.38826
-0.28572 0.01619267 29.36758
-0.2852429 0.01411843 29.34513
-0.2851003 0.01155496 29.32372
-0.2849341 0.008140087 29.30044
-0.2860889 -0.0009522438 29.25383
-0.287612 -0.007126808 29.23291
-0.2883931 -0.01191282 29.20862
-0.2898837 -0.01691103 29.18428
-0.2914938 -0.02104211 29.1595
-0.2961887 -0.02697325 29.11036
-0.2989504 -0.02925897 29.08644
-0.3023345 -0.03079247 29.06161
-0.3056175 -0.03227711 29.03838
-0.3093888 -0.03230882 29.01319
-0.3159495 -0.01340485 28.96885
-0.3183377 -0.006887436 28.94593
-0.3204966 -0.004783869 28.92208
-0.3219619 -0.005530357 28.90003
-0.3230591 -0.004072189 28.87704
-0.323096 0.002469301 28.83424
-0.3202803 0.003148794 28.81431
-0.3195729 0.005334854 28.79245
-0.3186042 0.008973837 28.77221
-0.3180384 0.01157975 28.75019
-0.3158334 0.01497793 28.70785
-0.3150805 0.01547098 28.68692
-0.314342 0.01491952 28.6644
-0.3131252 0.0146544 28.64121
-0.3121801 0.01372504 28.61795
-0.3096198 0.01030207 28.57159
-0.3086475 0.0068748 28.54839
-0.3065817 0.002204895 28.52401
-0.3063591 -0.00282383 28.50082
-0.3036904 -0.008153677 28.47652
-0.2985089 -0.01747823 28.42763
-0.2963616 -0.0195508 28.40391
-0.2934762 -0.02203608 28.37943
-0.2906846 -0.02358055 28.35432
-0.2869071 -0.02408409 28.32939
-0.279146 -0.02582264 28.28009
-0.2759875 -0.02797484 28.25545
-0.2718981 -0.02561784 28.23031
-0.2692103 -0.01762199 28.20884
-0.2670323 -0.01267719 28.1817
-0.2620739 -0.008682966 28.13279
-0.2602062 -0.002931833 28.10937
-0.2587719 0.0008647442 28.08793
-0.2574556 0.003011703 28.06536
-0.256267 0.008811951 28.02342
-0.255357 0.01270175 28.00308
-0.2541995 0.01646709 27.98146
-0.2524407 0.01859951 27.96194
-0.2512982 0.02014935 27.94073
-0.2490229 0.01954865 27.8979
-0.2466916 0.01810813 27.87726
-0.245237 0.01669335 27.85503
-0.2435713 0.01448834 27.83277
-0.2423563 0.01156211 27.80987
-0.2404082 0.003418684 27.76376
-0.237992 -0.00206995 27.74213
-0.2376231 -0.007251501 27.71823
-0.2369122 -0.01333094 27.69535
-0.2373425 -0.01859379 27.67122
-0.2388312 -0.02717209 27.62423
-0.2402723 -0.02955914 27.60183
-0.2432446 -0.03098798 27.57761
-0.2462754 -0.03397179 27.5547
-0.2501042 -0.03590393 27.53057
-0.2577248 -0.0308913 27.48407
-0.2611091 -0.02304053 27.46161
-0.2636161 -0.01902103 27.43733
-0.2655795 -0.01885462 27.41445
-0.2667032 -0.01712155 27.39091
-0.2668575 -0.009021759 27.34845
-0.2658478 -0.008446455 27.32845
-0.2649255 -0.006904364 27.30695
-0.2635593 -0.005316496 27.28726
-0.2626964 -0.00250864 27.26593
-0.2613546 0.0004377365 27.22323
-0.2599327 -0.0002065897 27.20155
-0.2589852 -0.0009902716 27.18002
-0.2575293 -0.00229609 27.15828
-0.2565163 -0.004130006 27.13643
-0.2542506 -0.007824659 27.09184
-0.2516859 -0.01106358 27.07119
-0.2499082 -0.01486731 27.04842
-0.248445 -0.0187186 27.02549
-0.2458273 -0.02353537 27.00263
-0.240666 -0.03053892 26.95627
-0.2384961 -0.03367722 26.93289
-0.2353297 -0.0360173 26.90909
-0.2323728 -0.03734934 26.88631
-0.2284632 -0.03888595 26.86281
-0.2208509 -0.04129601 26.8154
-0.2174193 -0.04271138 26.79289
-0.2129607 -0.04062116 26.7683
-0.2099653 -0.03089023 26.7486
-0.2064398 -0.02283502 26.72536
-0.2028357 -0.0206027 26.70452
-0.1989457 -0.01910877 26.66037
-0.197192 -0.01577663 26.63833
-0.1959859 -0.01291275 26.61755
-0.1946242 -0.01114345 26.59623
-0.1922351 -0.003811359 26.55408
-0.1908684 -0.001529694 26.53189
-0.1884531 0.0001913309 26.51112
-0.1863548 0.000582695 26.49043
-0.1835233 0.0004752874 26.47006
-0.1782957 -0.001371264 26.42957
-0.1733783 -0.004202366 26.41128
-0.1706792 -0.005956769 26.38999
-0.1676546 -0.009842634 26.36848
-0.1652691 -0.01286674 26.34649
-0.1619395 -0.02100992 26.30239
-0.1607736 -0.02519929 26.27929
-0.1601876 -0.03101087 26.25679
-0.1589538 -0.03619158 26.23332
-0.1589812 -0.04159558 26.21049
-0.159705 -0.04818332 26.16275
-0.1612315 -0.04918003 26.13903
-0.1628592 -0.04943395 26.1153
-0.1655872 -0.04870319 26.0904
-0.1681341 -0.04954004 26.0661
-0.1741251 -0.04058385 26.0178
-0.1752925 -0.03334236 25.99159
-0.1768799 -0.03142667 25.96669
-0.1787321 -0.03199768 25.94292
-0.1793638 -0.03268957 25.91919
-0.1792085 -0.02806616 25.87398
-0.1785914 -0.02517653 25.85087
-0.1772252 -0.02232432 25.82895
-0.1769289 -0.01702416 25.80601
-0.176049 -0.01293218 25.78449
-0.1751101 -0.008318663 25.74122
-0.1744202 -0.007567525 25.71973
-0.1746218 -0.006439567 25.69728
-0.1736531 -0.007452369 25.6754
-0.1735864 -0.008186579 25.65161
-0.1722166 -0.0114733 25.6058
-0.1708314 -0.01397836 25.58257
-0.1704833 -0.01657569 25.5581
-0.1683847 -0.02061248 25.53427
-0.1669794 -0.02516484 25.51022
-0.1630986 -0.03228724 25.45995
-0.1599164 -0.03615141 25.43524
-0.1586701 -0.03873742 25.41048
-0.1550121 -0.04031944 25.38592
-0.1553152 -0.03998446 25.35899
-0.1489536 -0.04104435 25.3069
-0.1443371 -0.04310989 25.28161
-0.1417562 -0.04567552 25.25559
-0.1372049 -0.04223979 25.2309
-0.135409 -0.03508735 25.20866
-0.130156 -0.03214908 25.1575
-0.1269721 -0.03053188 25.13386
-0.1359055 -0.0241003 25.09889
-0.134031 -0.02096617 25.07576
-0.1342148 -0.01674533 25.04962
-0.1335531 -0.007852912 25.00393
-0.1320011 -0.004383087 24.9823
-0.1307256 -0.001157761 24.95891
-0.1285784 0.001960158 24.93703
-0.1268922 0.006299376 24.9108
-0.123208 0.008143544 24.8632
-0.1210445 0.007256269 24.84045
-0.1197099 0.006587148 24.81482
-0.1176677 0.003958225 24.79117
-0.1167255 -0.0006235838 24.76564
-0.1137799 -0.01005149 24.71584
-0.1124182 -0.01464891 24.69112
-0.1124277 -0.02006459 24.66466
-0.1119691 -0.02512491 24.63884
-0.1125095 -0.03075624 24.612
-0.1154597 -0.04080594 24.55632
-0.1170286 -0.04350221 24.52979
-0.1199741 -0.04625189 24.50085
-0.122575 -0.04723704 24.47366
-0.1263976 -0.05078626 24.44443
-0.1323064 -0.04523897 24.38907
-0.1343405 -0.0365833 24.36357
-0.1365174 -0.03476477 24.33555
-0.1374499 -0.03488767 24.30961
-0.1382655 -0.03395045 24.2836
-0.1378147 -0.0256238 24.23512
-0.1368757 -0.02192879 24.21113
-0.1366458 -0.017205 24.18641
-0.1358296 -0.01237428 24.16292
-0.1355006 -0.009657621 24.14049
-0.1336071 -0.005388737 24.09303
-0.1316545 -0.004873872 24.06945
-0.1302818 -0.005146384 24.04594
-0.1280316 -0.006945014 24.02218
-0.1265776 -0.008383274 23.99836
-0.1232546 -0.01194084 23.94831
-0.120832 -0.0149883 23.923
-0.1182587 -0.01824379 23.89718
-0.1148677 -0.02272832 23.87142
-0.1108772 -0.02674019 23.84644
-0.1030953 -0.03532791 23.79581
-0.09836942 -0.0387789 23.76947
-0.09377523 -0.03948593 23.7429
-0.0883152 -0.04013896 23.71669
-0.08258475 -0.04034317 23.69249
-0.07144058 -0.04173124 23.64264
-0.06542902 -0.04165542 23.61551
-0.05974365 -0.03603923 23.58888
-0.05443329 -0.02710414 23.56392
-0.04927033 -0.02472878 23.53677
-0.04080787 -0.02415156 23.48449
-0.03766505 -0.02019131 23.45913
-0.03693631 -0.01498485 23.4362
-0.0347034 -0.01241386 23.41196
-0.03258637 -0.008844137 23.38818
-0.02765672 0.002255201 23.34125
-0.0251694 0.005988955 23.31778
-0.02354914 0.00871253 23.29181
-0.02120784 0.01015496 23.26882
-0.01877775 0.01015198 23.24602
-0.01394821 0.007914901 23.19969
-0.01174146 0.006400943 23.17585
-0.009587911 0.004186273 23.15151
-0.007393474 0.001054406 23.12682
-0.005294836 -0.002818108 23.10193
-0.001865355 -0.0128963 23.05169
-0.0006045941 -0.01930273 23.0262
0.0002596676 -0.02583361 23.00041
0.0008184165 -0.03146887 22.97451
0.001073983 -0.0354296 22.9484
0.0001816377 -0.03849864 22.89575
-0.001134343 -0.03861189 22.86907
-0.002858303 -0.03880656 22.84232
-0.004656076 -0.03934395 22.81537
-0.006338224 -0.03479421 22.78823
-0.008448482 -0.01660287 22.73631
-0.00845699 -0.01529908 22.70947
-0.007203609 -0.01558971 22.68297
-0.005040914 -0.01346648 22.65745
-0.002465963 -0.009401917 22.63247
0.001387179 -0.006133437 22.60657
0.00230509 -0.006878018 22.60553
0.002992034 -0.007190347 22.60513
0.003179073 -0.007326484 22.60496
0.003002405 -0.007468939 22.60478
0.00303942 -0.007501245 22.60474
0.003276169 -0.007625818 22.60458
0.003546774 -0.007721901 22.60444
0.003568769 -0.007642865 22.60455
0.002836168 -0.006663918 22.60577
0.002450645 -0.006181955 22.60641
0.002282292 -0.0058285 22.60686
0.002254546 -0.005675673 22.60707
0.002328575 -0.005713224 22.60702
0.002548218 -0.005828619 22.60685
0.002782285 -0.005720019 22.607
0.0474849 -0.02431369 22.13564
0.05204079 -0.02551007 22.10994
0.05506498 -0.02721381 22.08394
0.06253459 -0.02969003 22.03216
0.06698709 -0.02704334 22.00576
0.06976593 -0.01855946 21.9818
0.07345355 -0.01391351 21.95599
0.07547165 -0.01266539 21.93035
0.07793829 -0.01106977 21.90541
0.08025499 -0.003755331 21.85642
0.0796185 -0.0007394552 21.83326
0.08009618 0.002975464 21.81022
0.07902281 0.007880688 21.78811
0.07864881 0.01598251 21.74582
0.07998771 0.01773989 21.72338
0.08046793 0.01859426 21.7009
0.08177771 0.01790118 21.67872
0.08325919 0.0163576 21.65334
0.08523045 0.01126611 21.60531
0.08627092 0.008599162 21.58141
0.08439041 0.005570769 21.55855
0.08515085 0.001192093 21.53405
0.08420084 -0.002950072 21.50877
0.08429456 -0.008840322 21.48379
0.08306536 -0.02077413 21.43248
0.08099956 -0.02535403 21.40697
0.07922298 -0.02925527 21.38151
0.07637123 -0.03166997 21.35576
0.06996354 -0.03467023 21.3034
0.06680885 -0.0372349 21.27757
0.06262644 -0.04073143 21.25081
0.05977672 -0.03844607 21.22441
0.05567417 -0.02759755 21.20131
0.05011979 -0.0231328 21.14762
0.04947737 -0.0226084 21.12207
0.04742122 -0.016536 21.09776
0.04788026 -0.0112263 21.07339
0.0481675 -0.007808208 21.04761
0.04989278 -0.0009531975 20.99857
0.05113381 0.003879786 20.97518
0.05140251 0.006562769 20.95186
0.05248994 0.00986743 20.92792
0.05217034 0.01114047 20.90525
0.05513597 0.01217151 20.86226
0.05662072 0.01089394 20.83764
0.05642211 0.01089799 20.81448
0.05787832 0.009113312 20.789
0.05684531 0.005121827 20.76472
0.06033871 -0.003507257 20.71281
0.06307235 -0.009107709 20.68655
0.06468046 -0.01501667 20.66173
0.06808162 -0.0212301 20.63556
0.07154459 -0.02686095 20.6092
0.07984373 -0.03505957 20.5574
0.08422005 -0.03734827 20.53088
0.08888337 -0.03833449 20.50386
0.09331742 -0.03992105 20.47744
0.09784235 -0.04002929 20.45052
0.1062579 -0.02153635 20.39795
0.1095754 -0.01753902 20.37194
0.1123255 -0.01888824 20.34618
0.1135901 -0.01803243 20.32173
0.1145334 -0.01350367 20.29836
0.11474 -0.007066011 20.25351
0.1138675 -0.003044605 20.23192
0.1138586 0.003957868 20.20978
0.1134423 0.01032019 20.18826
0.1144491 0.01422596 20.16599
0.1159279 0.01915431 20.12082
0.1167013 0.02010608 20.09924
0.1180602 0.01988 20.0773
0.1189311 0.0203225 20.05518
0.119984 0.01935542 20.03236
0.120639 0.01478839 19.98494
0.120539 0.01065528 19.96099
0.1212131 0.006214857 19.9368
0.1205917 0.001456141 19.91195
0.1205162 -0.003516555 19.88704
0.1179027 -0.01526105 19.83614
0.1156548 -0.02239287 19.81442
0.1137815 -0.02627683 19.78838
0.11015 -0.02822804 19.76244
0.1070159 -0.02968812 19.73587
0.0978946 -0.03453827 19.68359
0.09257653 -0.03826916 19.65855
0.08860371 -0.034145 19.63194
0.08368632 -0.02277839 19.60889
0.08076406 -0.01785207 19.58238
0.07544242 -0.0182488 19.53526
0.07332888 -0.01508737 19.51308
0.07328892 -0.009644032 19.48955
0.07229215 -0.005663633 19.46616
0.07242812 -0.002714515 19.44349
0.07131049 0.00747335 19.39904
0.07039398 0.01243937 19.37615
0.07055181 0.01641536 19.35314
0.06938073 0.01983976 19.3306
0.0701555 0.02147281 19.30793
0.07040137 0.02122438 19.26264
0.06976745 0.02036393 19.23731
0.07018265 0.01842642 19.21336
0.0694133 0.0168165 19.19441
0.07040271 0.01340699 19.16971
0.07275939 0.004895568 19.11931
0.07376346 -0.0004740953 19.09419
0.07587242 -0.005922437 19.06876
0.07758656 -0.01264656 19.04338
0.08043906 -0.01790977 19.01764
0.08688599 -0.02414751 18.96587
0.09030761 -0.02541375 18.93822
0.09410113 -0.02666676 18.91153
0.09692645 -0.02964914 18.88681
0.1007939 -0.02878332 18.85935
0.1058926 -0.01128268 18.80922
0.107926 -0.01069546 18.78176
0.1093515 -0.01274073 18.75657
0.1088684 -0.01336229 18.73276
0.1083999 -0.01099193 18.71004
0.1069465 -0.004317284 18.66405
0.1055422 0.0002962947 18.64323
0.1053125 0.007141411 18.62165
0.1049371 0.01225817 18.59952
0.1053377 0.01571095 18.57838
0.1060077 0.01987153 18.53577
0.1067466 0.02019358 18.51495
0.1077214 0.01993585 18.49348
0.1078832 0.01864642 18.47178
0.1086243 0.01713121 18.44933
0.1093121 0.011751 18.4048
0.1091318 0.008185029 18.38102
0.1092895 0.003580213 18.35701
0.1087297 -0.001106977 18.33381
0.10833 -0.006417572 18.30919
0.1050821 -0.01628608 18.26219
0.1031753 -0.02002734 18.23939
0.1011702 -0.0226292 18.21401
0.09888409 -0.02381617 18.18709
0.09591874 -0.02448559 18.1612
0.08850967 -0.02769232 18.1109
0.08421554 -0.02987134 18.08612
0.08095717 -0.02476281 18.0605
0.07813638 -0.01691318 18.03402
0.07583892 -0.01432133 18.00787
0.0713073 -0.0122683 17.95939
0.06930526 -0.007797956 17.93618
0.06925927 -0.003717899 17.91206
0.06876996 -0.001562715 17.88885
0.06957197 0.0007736683 17.86575
0.07009563 0.00688374 17.82222
0.07061848 0.01092929 17.80013
0.07021931 0.01404476 17.77621
0.07135811 0.01677716 17.75316
0.07140151 0.01853681 17.73419
0.07337746 0.01840609 17.68974
0.07477322 0.01703483 17.66572
0.07572159 0.01558143 17.64194
0.07757616 0.01342952 17.617
0.0795683 0.01045442 17.59367
0.08397375 -0.001241446 17.54443
0.08722879 -0.007627249 17.51886
0.09013782 -0.01409101 17.49545
0.09389989 -0.02084076 17.46984
0.0970597 -0.02781647 17.44549
0.1052866 -0.03245497 17.39528
0.1101427 -0.03324962 17.36889
0.1148605 -0.03474951 17.34255
0.1196823 -0.03670228 17.31636
0.1244367 -0.03771555 17.29099
0.1324787 -0.02195144 17.24105
0.1361173 -0.02111828 17.21519
0.1385399 -0.0229491 17.18988
0.1402406 -0.02065885 17.16571
0.1415155 -0.01395059 17.14556
0.1421078 -0.005186558 17.10833
0.1429027 -0.0005676746 17.08607
0.1433492 0.003334045 17.06796
0.1444909 0.00726366 17.04619
0.1448673 0.009230435 17.02663
0.1467478 0.01186067 16.98318
0.1483904 0.0121063 16.96184
0.149302 0.01180249 16.93854
0.1510926 0.01032662 16.91641
0.1540418 0.004978001 16.86885
0.1549814 0.0009099245 16.84449
0.1563607 -0.003493786 16.82063
0.1573611 -0.007604778 16.79726
0.158124 -0.0121882 16.77297
0.1584108 -0.01718521 16.74845
0.1579119 -0.02785051 16.69911
0.1574256 -0.03207886 16.67344
0.1564102 -0.03564787 16.64706
0.1548165 -0.03788108 16.62095
0.1527259 -0.03912777 16.5937
0.1465405 -0.04167843 16.53904
0.1431782 -0.04417086 16.51235
0.1388122 -0.04370046 16.48502
0.1358909 -0.03367972 16.45981
0.1306801 -0.02759123 16.40688
0.1272153 -0.03016341 16.38173
0.1270642 -0.02799571 16.35684
0.1265965 -0.02358317 16.33251
0.1278536 -0.01853704 16.30876
0.128518 -0.01563257 16.28783
0.1220943 -0.007283509 16.24465
0.1230281 -0.002766311 16.22174
0.1182009 0.0009465218 16.20333
0.1189644 0.003329098 16.18037
0.1190097 0.004580557 16.13678
0.1188908 0.002925336 16.11668
0.1195169 0.00100261 16.09293
0.1193931 -0.0003504753 16.07149
0.1203167 -0.003306806 16.04692
0.1210701 -0.005992353 16.02496
0.1249798 -0.0148285 15.9761
0.1277193 -0.02033716 15.95089
0.1307975 -0.02556109 15.92761
0.1342823 -0.03106755 15.90217
0.1429164 -0.04024291 15.85192
0.1478428 -0.0430066 15.82708
0.1527086 -0.0449056 15.80081
0.1575617 -0.04749185 15.7746
0.162687 -0.04945701 15.74788
0.1722234 -0.03486496 15.69637
0.1768625 -0.03074187 15.66982
0.1801088 -0.0317685 15.64407
0.1824983 -0.03617239 15.62071
0.1834906 -0.03692797 15.59805
0.1834899 -0.03153831 15.55399
0.1827226 -0.026886 15.53241
0.1819904 -0.01933861 15.51075
0.181848 -0.01182553 15.48894
0.1820187 -0.005815893 15.46758
0.1833084 -0.0002179444 15.42576
0.1848235 -6.29425E-05 15.4061
0.1859511 0.0005735755 15.3855
0.1872581 0.000453949 15.36514
0.1885196 0.000125587 15.34365
0.1908989 -0.004253536 15.29917
0.1917349 -0.007314622 15.27647
0.192138 -0.01225936 15.25352
0.1930652 -0.01752633 15.23015
0.1926849 -0.02333868 15.20648
0.1919161 -0.03713095 15.16007
0.1915124 -0.04346687 15.13551
0.1895647 -0.04798478 15.11057
0.1880209 -0.05096126 15.08535
0.1847206 -0.05208844 15.05963
0.1761182 -0.05269152 15.00503
0.1723561 -0.05557376 14.97896
0.1670674 -0.05768663 14.95398
0.1634652 -0.05172551 14.92817
0.1597218 -0.04219997 14.90304
0.1539774 -0.03851593 14.85576
0.1523573 -0.03762001 14.83018
0.150452 -0.03285038 14.80646
0.150291 -0.02719605 14.78193
0.149405 -0.02344096 14.75826
0.1494884 -0.01893884 14.71294
0.1500902 -0.01615304 14.69009
0.1494194 -0.01265469 14.668
0.1497562 -0.01014996 14.6448
0.1491586 -0.007583708 14.62178
0.1493115 -0.006151944 14.57482
0.1500021 -0.006918222 14.5512
0.1492251 -0.007271886 14.52763
0.1499199 -0.008928597 14.50305
0.1500869 -0.01094764 14.4776
0.151484 -0.0198434 14.42711
0.1535358 -0.02609199 14.40164
0.1544548 -0.03139746 14.37739
0.1569671 -0.03746307 14.35207
0.1566747 -0.04271495 14.33066
0.1631011 -0.04952759 14.28127
0.1671772 -0.05065358 14.25522
0.1716464 -0.05263692 14.22959
0.1760565 -0.05393371 14.20368
0.1807573 -0.05689213 14.17869
0.1892248 -0.04945728 14.12962
0.1927385 -0.04260468 14.10458
0.1961054 -0.04191488 14.07758
0.1984497 -0.0419386 14.05318
0.199903 -0.04082376 14.02579
0.2015236 -0.03398407 13.97716
0.2017928 -0.03102034 13.95413
0.2024189 -0.02721271 13.93048
0.2033088 -0.02233988 13.90787
0.2050124 -0.01987246 13.88413
0.2074337 -0.01495719 13.83991
0.208911 -0.01416388 13.8177
0.2105035 -0.01478904 13.79609
0.2121725 -0.01561527 13.7734
0.2137953 -0.01660992 13.75043
0.2166443 -0.02123475 13.70384
0.2181048 -0.02541628 13.67934
0.2194279 -0.02986732 13.65656
0.220519 -0.03435954 13.63154
0.2212947 -0.03850192 13.60765
0.2205867 -0.04934901 13.55685
0.2200171 -0.05435997 13.53108
0.2178903 -0.05779177 13.5065
0.2161202 -0.0602327 13.47999
0.2153842 -0.06178826 13.45867
0.2091081 -0.06621003 13.4097
0.2055712 -0.06930602 13.38308
0.1939477 -0.06792593 13.36713
0.1906754 -0.05680555 13.34214
0.1851363 -0.05008411 13.31883
0.1805883 -0.05430436 13.26917
0.1805648 -0.05279839 13.24559
0.1802809 -0.04657048 13.2245
0.1808489 -0.04232579 13.20218
0.180513 -0.0395214 13.18221
0.1804073 -0.02643979 13.13886
0.1803455 -0.02055934 13.11679
0.1802744 -0.01559711 13.09457
0.1806699 -0.01136017 13.07276
0.1807318 -0.008272111 13.05125
0.1816112 -0.005878091 13.0081
0.1822419 -0.005864978 12.98558
0.1811502 -0.004445136 12.96616
0.1816955 -0.006111383 12.94285
0.1822501 -0.008426845 12.9199
0.1860996 -0.01626259 12.87568
0.1878062 -0.02189815 12.85151
0.1891209 -0.02749068 12.82846
0.1912326 -0.03360444 12.8041
0.1928933 -0.03961384 12.78062
0.1978518 -0.04764646 12.73257
0.2014663 -0.04968333 12.70778
0.2051262 -0.05307567 12.68198
0.2091674 -0.0569914 12.65648
0.2130311 -0.0598411 12.63152
0.2201241 -0.04983336 12.58147
0.2222286 -0.04556704 12.55506
0.2244433 -0.04521298 12.52983
0.2264648 -0.04599535 12.50417
0.2270453 -0.04260927 12.48029
0.2274364 -0.03729039 12.43258
0.2270352 -0.03601885 12.40828
0.2262679 -0.03190845 12.38628
0.2268802 -0.028442 12.36316
0.2267521 -0.02437481 12.34126
0.2267241 -0.02011228 12.29556
0.2262764 -0.01971069 12.27213
0.2263607 -0.0201849 12.25022
0.2245356 -0.02069181 12.22789
0.2247327 -0.02196121 12.20516
0.2241833 -0.02701989 12.15675
0.2240837 -0.0304724 12.13117
0.2242528 -0.03501493 12.10699
0.2225847 -0.03997201 12.08174
0.222288 -0.04512089 12.05724
0.2192889 -0.05553579 12.00554
0.2171324 -0.05876881 11.97806
0.2152853 -0.06135213 11.95252
0.2111472 -0.06233644 11.92331
0.2083152 -0.06380194 11.89744
0.20163 -0.06669021 11.84424
0.1977359 -0.06805354 11.81756
0.194496 -0.0616231 11.7917
0.1908726 -0.0530833 11.76666
0.1886455 -0.05190974 11.74035
0.1846477 -0.05685538 11.69181
0.1837573 -0.05439252 11.6676
0.184383 -0.04960394 11.64386
0.183487 -0.04541785 11.61969
0.184124 -0.04158759 11.59651
0.1845205 -0.02865791 11.54884
0.1850922 -0.02374277 11.5256
0.1856338 -0.02047804 11.50267
0.1847365 -0.01776007 11.48093
0.1855635 -0.01624706 11.45799
0.1857133 -0.0174284 11.41162
0.1859266 -0.01803526 11.38852
0.1872211 -0.01987359 11.36405
0.1886792 -0.02130854 11.33925
0.1906917 -0.02458721 11.314
0.1958427 -0.03271675 11.26163
0.1975738 -0.0379349 11.23939
0.2013132 -0.04373598 11.21345
0.2042182 -0.04953676 11.1886
0.2084296 -0.05442929 11.16235
0.2178078 -0.05879965 11.11101
0.2223436 -0.06031394 11.08753
0.2277781 -0.06104138 11.06127
0.2324475 -0.06302682 11.03734
0.2377233 -0.06301197 11.01077
0.2467409 -0.04864198 10.96242
0.2502273 -0.04835016 10.9406
0.2533897 -0.0492695 10.91622
0.2553059 -0.0477342 10.89508
0.2575961 -0.03973341 10.85148
0.2583683 -0.0372797 10.82905
0.2585079 -0.03297177 10.8082
0.2593512 -0.02735889 10.78623
0.2599359 -0.02284068 10.76635
0.2620164 -0.01673931 10.72514
0.263183 -0.01485598 10.70375
0.2637717 -0.01418057 10.68559
0.2649828 -0.01441368 10.66385
0.2662796 -0.0152573 10.64554
0.2684099 -0.01777619 10.603
0.2696614 -0.02051049 10.57955
0.2705097 -0.02388704 10.5577
0.2713858 -0.02854997 10.53345
0.2713807 -0.0335393 10.51192
0.2713436 -0.04376668 10.46338
0.2709261 -0.04922336 10.4381
0.2700881 -0.0529846 10.41355
0.2687686 -0.05508065 10.3877
0.2670009 -0.05580246 10.36321
0.2617402 -0.0576449 10.31074
0.2585591 -0.05988026 10.28448
0.2552803 -0.06174487 10.2587
0.2520627 -0.05618054 10.23269
0.249029 -0.046067 10.20966
0.2452095 -0.04336816 10.15936
0.24422 -0.04111362 10.1344
0.2439741 -0.03524446 10.11217
0.2446358 -0.030873 10.08819
0.2460316 -0.02856761 10.06607
0.2496757 -0.02101386 10.02311
0.2509845 -0.01683503 10.00218
0.2521651 -0.01309958 9.979239
0.253615 -0.01012114 9.95828
0.2550313 -0.008328289 9.935585
0.2585424 -0.01025882 9.892506
0.2599001 -0.01252049 9.870767
0.261383 -0.01455796 9.847052
0.262455 -0.01688054 9.823576
0.2644395 -0.01966047 9.799147
0.2693772 -0.02786845 9.75198
0.2730313 -0.03359067 9.729254
0.2762519 -0.03863776 9.704234
0.2795716 -0.04391542 9.67919
0.2832294 -0.04881722 9.653847
0.2919402 -0.05463284 9.606179
0.2920153 -0.0593695 9.588683
0.2966636 -0.06088841 9.563519
0.2979301 -0.06301108 9.542674
0.3024926 -0.06458947 9.517256
0.3094505 -0.05164671 9.470336
0.3121111 -0.05279922 9.446016
0.3145433 -0.05470425 9.421587
0.3148558 -0.05393368 9.39916
0.3158123 -0.04936743 9.376173
0.3148856 -0.04485524 9.332382
0.314419 -0.04092106 9.311827
0.3145422 -0.03606784 9.290353
0.3141326 -0.03299794 9.27015
0.3146761 -0.03059849 9.249131
0.3147517 -0.02679518 9.208415
0.3144191 -0.02591445 9.188009
0.3145706 -0.0263461 9.166903
0.3139805 -0.02726111 9.146313
0.314061 -0.02931398 9.124407
0.3139498 -0.03454086 9.07925
0.3135115 -0.03818005 9.056002
0.3129302 -0.04215005 9.032334
0.3116964 -0.04626322 9.009104
0.3102154 -0.0512428 8.984842
0.3062102 -0.06142384 8.935083
0.3036291 -0.06496423 8.909633
0.3003069 -0.06709731 8.884485
0.2962038 -0.06867087 8.859314
0.2918033 -0.06985396 8.833605
0.2819008 -0.07449949 8.782969
0.2768551 -0.0711838 8.756721
0.2721326 -0.05989617 8.732615
0.2670339 -0.05413359 8.706203
0.2627826 -0.05395073 8.680343
0.2574742 -0.05564386 8.631031
0.256376 -0.05249298 8.607403
0.2560261 -0.04888809 8.583886
0.2558815 -0.04609263 8.560746
0.2556862 -0.04220587 8.537796
0.2545537 -0.03098541 8.492556
0.2538815 -0.02680561 8.469912
0.2532589 -0.02318481 8.447326
0.2527013 -0.02020264 8.424955
0.2522449 -0.01853356 8.402554
0.25102 -0.01798442 8.357025
0.2504295 -0.01844987 8.333585
0.2501127 -0.01958284 8.309694
0.250161 -0.02164036 8.285582
0.2506398 -0.02527532 8.261276
0.2527067 -0.03592899 8.212399
0.2543374 -0.04168594 8.187763
0.2563273 -0.04740101 8.163164
0.2587312 -0.05309772 8.138191
0.2614382 -0.05749342 8.113279
0.2680193 -0.06174418 8.063434
0.2677583 -0.06165081 8.063557
0.2673282 -0.06133148 8.063963
0.2669193 -0.06102112 8.064363
0.266483 -0.06127778 8.064074
0.2653434 -0.06040862 8.065229
0.2655697 -0.0599981 8.065735
0.2667797 -0.06026292 8.065326
0.268218 -0.06007507 8.065491
0.2693909 -0.05933756 8.066407
0.2702328 -0.05959424 8.06607
0.2697851 -0.06058332 8.064819
0.2692049 -0.06144005 8.063763
0.2688176 -0.0620386 8.063049
0.268463 -0.06254789 8.062451
0.2679105 -0.06314149 8.061771
0.2676856 -0.06336397 8.06152
0.2676032 -0.06348738 8.061381
0.314718 -0.02361673 7.591881
0.3152432 -0.02511078 7.570176
0.3167297 -0.0298405 7.524807
0.3177802 -0.03380376 7.501346
0.3172916 -0.0376088 7.477467
0.3176025 -0.04222867 7.453514
0.3165948 -0.04662564 7.428936
0.3143905 -0.05607176 7.37956
0.3130728 -0.05994597 7.354769
0.310709 -0.06222361 7.328508
0.3082098 -0.06415677 7.303628
0.3046715 -0.0658927 7.278636
0.2972419 -0.07030123 7.228293
0.293826 -0.06968477 7.202753
0.2909894 -0.06035927 7.178834
0.2884784 -0.05188239 7.154757
0.2857967 -0.0501669 7.12958
0.2823784 -0.04885089 7.081922
0.28186 -0.04362196 7.05878
0.281929 -0.04016349 7.036938
0.2825868 -0.03748748 7.01471
0.2836946 -0.03449115 6.992441
0.2855922 -0.02636251 6.948758
0.2859562 -0.02321935 6.926276
0.2865342 -0.02001691 6.902501
0.2872253 -0.01859298 6.87987
0.2880748 -0.01816136 6.857114
0.2892672 -0.02153477 6.81128
0.2897425 -0.02396283 6.787522
0.2903277 -0.02600932 6.763299
0.2917255 -0.02920902 6.738794
0.2936691 -0.0328047 6.712772
0.2992775 -0.04170364 6.664207
0.3021729 -0.04640767 6.639164
0.3059615 -0.05078733 6.613111
0.3093417 -0.05557248 6.587399
0.313388 -0.05841455 6.562458
0.322138 -0.06099147 6.511704
0.3265955 -0.06221408 6.485939
0.3310383 -0.06470251 6.460698
0.3352864 -0.06682841 6.434967
0.3398797 -0.06226866 6.410963
0.3470128 -0.0510239 6.361349
0.3495131 -0.05203563 6.33662
0.3515217 -0.05089685 6.311253
0.3520792 -0.04692912 6.287777
0.3530906 -0.04340088 6.266988
0.352753 -0.03498158 6.222774
0.3527298 -0.02833495 6.200552
0.353627 -0.0239505 6.181847
0.3543078 -0.02054879 6.160082
0.3555733 -0.01739253 6.139228
0.3575416 -0.01490836 6.097714
0.3583516 -0.01477697 6.076293
0.3593006 -0.01617156 6.058173
0.3601913 -0.01721339 6.035899
0.3611017 -0.01976749 6.01575
0.3629773 -0.0273377 5.970391
0.3633963 -0.03220358 5.946634
0.3634601 -0.03651851 5.923215
0.3629772 -0.04141414 5.898791
0.3622289 -0.04693818 5.876532
0.359339 -0.05713606 5.828694
0.3567779 -0.05957338 5.803596
0.3534153 -0.06107283 5.778991
0.3497975 -0.06275833 5.753452
0.3457771 -0.06510654 5.728954
0.337708 -0.07003085 5.681036
0.3341583 -0.06312111 5.656032
0.3306732 -0.05580285 5.632391
0.3275642 -0.05338687 5.606025
0.3249338 -0.05394807 5.581848
0.3224182 -0.05247624 5.533252
0.3222143 -0.04874805 5.50912
0.3227172 -0.04667833 5.488108
0.3233106 -0.04428092 5.465301
0.3238111 -0.03663396 5.421636
0.3233009 -0.03289058 5.400625
0.3229216 -0.02889946 5.378184
0.3227878 -0.02508101 5.355819
0.3226414 -0.02280395 5.333282
0.3225608 -0.02156779 5.30999
0.3230447 -0.02237326 5.2639
0.3238524 -0.02387246 5.24004
0.3257482 -0.02610014 5.21561
0.3273463 -0.02948454 5.191208
0.3296512 -0.03400689 5.166844
0.3351188 -0.04420191 5.117622
0.3382024 -0.04972333 5.09305
0.3418641 -0.055951 5.069348
0.3455536 -0.06032383 5.04438
0.3501797 -0.06262711 5.018497
0.3588518 -0.06545269 4.968732
0.3638898 -0.06664093 4.9433
0.3684475 -0.06896047 4.917597
0.3734722 -0.06931359 4.891516
0.3809995 -0.05762899 4.846795
0.3843964 -0.05858797 4.821641
0.3871728 -0.06140245 4.801682
0.3889499 -0.05874696 4.778552
0.3901824 -0.05482498 4.758533
0.39101 -0.04780513 4.714025
0.3912149 -0.04280019 4.692154
0.3923656 -0.0380354 4.674658
0.3931473 -0.03384627 4.653171
0.3941256 -0.03059873 4.63535
0.3948258 -0.02816745 4.614902
0.3960375 -0.02632004 4.5765
0.3966743 -0.02645826 4.557707
0.3974847 -0.02735996 4.536151
0.3981402 -0.02915951 4.515374
0.3998787 -0.03584647 4.47111
0.4004714 -0.04000367 4.447898
0.4004381 -0.04536177 4.424159
0.4001639 -0.05096781 4.400388
0.3995926 -0.05723558 4.377153
0.3966237 -0.06928337 4.328534
0.3942783 -0.07348152 4.303941
0.3912325 -0.07636476 4.27958
0.3875249 -0.0780744 4.254631
0.3836359 -0.07989371 4.230449
0.3753135 -0.08552752 4.181365
0.3714498 -0.08297825 4.155848
0.3684855 -0.07315123 4.134031
0.3660774 -0.06893918 4.109113
0.3639514 -0.07081178 4.084088
0.3618979 -0.06837586 4.035919
0.3619149 -0.06423612 4.012543
0.3624147 -0.06245798 3.990499
0.3633127 -0.05996542 3.968274
0.3644145 -0.05579895 3.947925
0.3659089 -0.04548713 3.904834
0.3663115 -0.04123487 3.882375
0.3667436 -0.03777125 3.861608
0.3673348 -0.03569043 3.839332
0.3681262 -0.03493696 3.817462
0.3694516 -0.03605579 3.772457
0.3700459 -0.0377127 3.748789
0.3711393 -0.03998027 3.726607
0.3721642 -0.0435737 3.70248
0.3732875 -0.04827082 3.678694
0.3773629 -0.05935296 3.632098
0.3796201 -0.06511352 3.607763
0.3819058 -0.0716183 3.583822
0.3845934 -0.07612605 3.558776
0.3878307 -0.07869777 3.535829
0.3949417 -0.08337293 3.486526
0.3987561 -0.08595604 3.461859
0.40278 -0.08903117 3.438618
0.4063084 -0.08856532 3.41316
0.4097285 -0.08129239 3.389243
0.415392 -0.07988475 3.33991
0.4171246 -0.08023641 3.316468
0.4184396 -0.07491668 3.292786
0.4186192 -0.06864266 3.270054
0.4188932 -0.06563674 3.246781
0.418244 -0.05576613 3.201545
0.4178455 -0.05058756 3.179543
0.4179969 -0.04725868 3.155309
0.4177427 -0.04480553 3.133504
0.4178973 -0.0430371 3.110923
0.4183491 -0.0417692 3.067471
0.4185714 -0.0422975 3.045516
0.4192602 -0.0435572 3.02064
0.4196936 -0.04549042 2.99771
0.4205416 -0.0475243 2.974013
0.4210838 -0.05496007 2.925765
0.4207663 -0.06010839 2.901719
0.4199111 -0.06502527 2.877903
0.4184132 -0.07042423 2.853391
0.416514 -0.0751901 2.8289
0.4107784 -0.08179048 2.77903
0.407201 -0.08326545 2.753547
0.40311 -0.0843125 2.728733
0.3983163 -0.08611974 2.703175
0.3931355 -0.08922925 2.678403
0.3832203 -0.0902385 2.627247
0.378972 -0.08092685 2.602685
0.3751675 -0.07651381 2.577218
0.3720345 -0.07676095 2.551412
0.3695751 -0.07791139 2.527132
0.3668273 -0.07323517 2.479234
0.3662749 -0.07005142 2.456544
0.3663442 -0.06759086 2.433253
0.3665139 -0.06467582 2.411355
0.3668988 -0.05919603 2.388791
0.3671134 -0.0491339 2.34466
0.3669091 -0.04548062 2.322649
0.3669623 -0.04270151 2.30053
0.3669477 -0.04085413 2.278608
0.367258 -0.03987709 2.256398
0.3680165 -0.03982138 2.211182
0.3686049 -0.04039444 2.188014
0.3693178 -0.04233345 2.164717
0.3704614 -0.04580714 2.141597
0.3719209 -0.0504418 2.117876
0.3760642 -0.06086997 2.070991
0.3788083 -0.06654332 2.048172
0.3814585 -0.07244663 2.023674
0.3844888 -0.07752725 2.000247
0.3875163 -0.08150015 1.97577
0.394574 -0.08861051 1.927037
0.3982516 -0.09164296 1.903076
0.4016178 -0.09453191 1.877783
0.4051096 -0.09378338 1.851825
0.4078492 -0.08394843 1.827857
0.412689 -0.08166026 1.777299
0.4143353 -0.08480971 1.753345
0.4147941 -0.08342548 1.729815
0.4130567 -0.07870556 1.705645
0.4122737 -0.07616833 1.683101
0.4106438 -0.06749239 1.638982
0.410203 -0.06001054 1.617689
0.4099163 -0.05467879 1.59564
0.4098849 -0.05036702 1.574912
0.4096734 -0.04718768 1.553789
0.4099894 -0.0438665 1.513823
0.4104767 -0.04230499 1.494495
0.4106421 -0.04186156 1.472709
0.4110366 -0.04139548 1.452328
0.4112431 -0.04239188 1.4297
0.4116243 -0.04587944 1.384619
0.4112259 -0.04860706 1.362631
0.4105361 -0.05264447 1.338921
0.4093919 -0.05791059 1.316475
0.4080538 -0.06410266 1.292412
0.4045026 -0.07529273 1.244975
0.4021859 -0.08013991 1.220881
0.3991975 -0.08411718 1.19633
0.3957371 -0.0878052 1.172298
0.3917542 -0.09122898 1.147782
0.3838898 -0.09884546 1.098663
0.3804321 -0.09236886 1.075102
0.3777786 -0.08357253 1.051598
0.3753719 -0.08206494 1.02771
0.3737266 -0.08264675 1.004546
0.3730607 -0.07598838 0.9604928
0.3735749 -0.0707562 0.9394848
0.3744914 -0.06732058 0.9184107
0.375716 -0.06424289 0.8983725
0.3769761 -0.06027491 0.878415
0.3782778 -0.05233556 0.8380696
0.3781354 -0.04976732 0.8169187
0.3785023 -0.04803341 0.7968092
0.3786973 -0.0479117 0.7755117
0.3792187 -0.04851124 0.7556068
0.3802966 -0.05128252 0.7140396
0.3812947 -0.05294389 0.6925697
0.3822328 -0.05584028 0.6718285
0.3836372 -0.06008145 0.6504867
0.3851006 -0.0651229 0.6292912
0.3892769 -0.07569629 0.5868317
0.3919421 -0.08089042 0.5663092
0.394483 -0.08655015 0.5454195
0.3976302 -0.09177645 0.5255963
0.4006435 -0.0963561 0.504661
0.4077784 -0.103761 0.4641412
0.411599 -0.1077231 0.4446505
0.4151835 -0.1127285 0.4239949
0.4191418 -0.1162744 0.4045476
0.4225836 -0.1096259 0.3846447
0.4305999 -0.09665631 0.347166
0.4339319 -0.09463628 0.3311266
0.4357703 -0.09030585 0.3139298
0.4367514 -0.08336131 0.3009044
0.4373738 -0.0715598 0.2748981
0.4372759 -0.06760924 0.2617508
0.4371505 -0.06235141 0.2524661
0.436724 -0.05796714 0.2412
0.4366343 -0.05405651 0.2336861
0.4361154 -0.05144634 0.2241472
0.4352102 -0.04608267 0.2130925
0.4345002 -0.04451989 0.2053712
0.4336436 -0.04202339 0.2003508
0.4326104 -0.03971213 0.1930966
0.4314257 -0.03705952 0.1882325
0.4290017 -0.03530953 0.1774493
0.4274861 -0.03633539 0.1715526
0.4255576 -0.03748649 0.1673974
0.4234794 -0.03894585 0.1620687
0.4182464 -0.04363552 0.1543559
0.4152958 -0.04834142 0.1516129
0.4123219 -0.050133 0.1474994
0.4093014 -0.04977368 0.1446563
0.4062386 -0.04769886 0.1400688
0.4030854 -0.04597969 0.1373289
0.3978048 -0.04629337 0.1308529
0.3956581 -0.04709775 0.1277826
0.3938245 -0.04852102 0.126041
0.3921726 -0.04978779 0.1231633
0.3891632 -0.04946537 0.1184586
0.3877563 -0.04838673 0.1162583
0.3862562 -0.04685434 0.1129038
0.3847719 -0.0457835 0.1107887
0.3831618 -0.04554214 0.1073552
0.38173 -0.04567004 0.105157
0.3791206 -0.04428693 0.09985408
0.378178 -0.04395946 0.09719831
0.3777205 -0.04436805 0.09574951
0.3773713 -0.04490255 0.09371248
0.3773541 -0.04492317 0.09288283
0.3776208 -0.04420261 0.09062038
0.3777271 -0.04429495 0.0894722
0.3779861 -0.04450934 0.08946218
0.3780079 -0.0443578 0.08872361
0.3781258 -0.04396826 0.08813819
0.3781734 -0.04383262 0.088433
0.3780288 -0.04328784 0.08777755
0.3781147 -0.04241136 0.0881432
0.3779845 -0.04155692 0.08781368
0.3779215 -0.04127859 0.08887808
0.3773024 -0.04079182 0.08986
0.3766987 -0.04021163 0.08988196
0.3762848 -0.03952534 0.09045847
0.3758277 -0.03923424 0.09059021
0.3727824 -0.03852319 0.09503014
0.372444 -0.03808356 0.09680523
0.3723644 -0.03757554 0.09763153
0.3724902 -0.0376693 0.09953797
0.3727775 -0.03758918 0.1003183
0.373895 -0.03796865 0.1031004
0.3746614 -0.04048462 0.1045309
0.375746 -0.04063293 0.1056133
0.3772733 -0.04103747 0.1076528
0.378602 -0.04106141 0.108801
0.3814093 -0.04144732 0.1117606
0.3827402 -0.04175422 0.1135246
0.3838122 -0.04165785 0.1143978
0.384806 -0.04148655 0.1157792
0.3854448 -0.04105071 0.1164106
0.3861817 -0.04113445 0.1181004
0.3865655 -0.04148906 0.1189628
0.3867229 -0.04182776 0.1191117
0.3868906 -0.04343204 0.1195088
0.3870348 -0.04408184 0.1195503
0.3878728 -0.04766602 0.1201911
0.3883676 -0.05045749 0.120714
0.3887652 -0.05301273 0.1205339
0.3892025 -0.05436522 0.1203398
0.3897468 -0.05431177 0.119276
0.3911687 -0.05504458 0.1185443
0.3917962 -0.05695464 0.1187873
0.3923546 -0.05800207 0.1188713
0.3926671 -0.05926935 0.1195016
0.3926972 -0.06050423 0.1198237
0.3919713 -0.06208274 0.1202337
0.3914756 -0.06168767 0.1200801
0.3907898 -0.06048885 0.1194071
0.3898883 -0.05912837 0.1190095
0.3885648 -0.05778423 0.1183957
0.3849043 -0.05529578 0.117551
0.383234 -0.05442983 0.1174213
0.3816893 -0.05357128 0.1167459
0.3803531 -0.05314936 0.1164859
0.3789549 -0.05340786 0.115703
0.3774 -0.0518027 0.1143831
0.3776529 -0.05100852 0.1140785
0.3783012 -0.05022024 0.1130196
0.3793084 -0.04967876 0.1128507
0.3801331 -0.04931712 0.1117864
0.3812549 -0.04895291 0.1111305
0.3815619 -0.04888605 0.1099907
0.3819243 -0.04957715 0.1100676
0.3821 -0.0502735 0.1092565
0.3823004 -0.05138109 0.1094332
0.3828767 -0.05326603 0.1092876
0.3831147 -0.05377257 0.1090418
0.3832258 -0.05421799 0.1091889
0.3831969 -0.05440722 0.1087903
0.3832212 -0.05437142 0.1084508
0.3831379 -0.0539822 0.1077856
0.3832429 -0.05393382 0.1069741
0.3832749 -0.05440947 0.1068723
0.3832903 -0.05488877 0.1064313
0.3831919 -0.05546517 0.1063081
0.3825983 -0.05658136 0.1056239
0.3826065 -0.05693779 0.1051271
0.382891 -0.05751144 0.1049145
0.3832451 -0.05798527 0.1043106
0.3837171 -0.05874339 0.1040971
0.3854541 -0.06002311 0.1030346
0.3864638 -0.06048324 0.102204
0.3872302 -0.06101821 0.1016756
0.3877777 -0.06011327 0.1007314
0.3885419 -0.05888541 0.09995546
0.3898325 -0.05746455 0.09894592
0.3906702 -0.05714083 0.09851718
0.3914447 -0.05673219 0.09834465
0.3922024 -0.05603705 0.09749989
0.3930581 -0.05573761 0.09685038
0.3938014 -0.05576704 0.09617238
0.3949638 -0.05704377 0.09550674
0.3958852 -0.05759249 0.09522435
0.3968626 -0.05796534 0.09463068
0.3978903 -0.05849403 0.09441593
0.3997815 -0.0598381 0.09350356
0.4006272 -0.06055928 0.09292985
0.4016947 -0.06110173 0.09268473
0.4025677 -0.06134485 0.09222424
0.4033237 -0.06169336 0.09205255
0.4046298 -0.06219332 0.09135024
0.4053414 -0.06240466 0.09078396
0.4060051 -0.06278503 0.09056814
0.406471 -0.06316171 0.09017155
0.4072812 -0.06340056 0.0901597
0.4093271 -0.06445582 0.09001446
0.4103989 -0.06517304 0.08991326
0.4116855 -0.06584471 0.08983902
0.4129707 -0.06631305 0.08962444
0.4142559 -0.06660662 0.08945417
0.4158525 -0.06620789 0.08864357
0.4156433 -0.06558378 0.0877989
0.4156182 -0.0653936 0.08751994
0.4161066 -0.06534264 0.08755531
0.416613 -0.06512332 0.08772211
0.4172896 -0.064029 0.08774428
0.4174833 -0.06338876 0.08769456
0.4178275 -0.06291805 0.08803323
0.4181808 -0.06274096 0.0884093
0.418525 -0.06288047 0.08893053
0.4190167 -0.06295997 0.08939271
0.4191776 -0.06282274 0.0895238
0.4195325 -0.06267767 0.08978292
0.419852 -0.06278439 0.08992051
0.4203534 -0.0629157 0.09017883
0.421654 -0.06258392 0.09012555
0.4223406 -0.06215733 0.08992331
0.4228029 -0.06157835 0.08971928
0.4230596 -0.06105056 0.08934064
0.423197 -0.06064666 0.08898616
0.4237124 -0.06026708 0.08836108
0.4239196 -0.06017419 0.08787881
0.4240489 -0.06007186 0.08744235
0.424041 -0.05987873 0.08684157
0.4240505 -0.05957863 0.08636023
0.4243344 -0.05915407 0.08556943
0.4244942 -0.05917799 0.0854633
0.4247892 -0.05927336 0.08551172
0.4250647 -0.05918601 0.08526465
0.4252964 -0.05898788 0.08519323
0.4258676 -0.05882937 0.08477433
0.4263949 -0.05899959 0.0846984
0.4270676 -0.05902959 0.08467627
0.4275318 -0.05909253 0.08452912
0.4278749 -0.05919963 0.08456154
0.428507 -0.05926824 0.08421804
0.4287383 -0.05919518 0.08400321
0.428884 -0.05920732 0.08395301
0.4289957 -0.05930548 0.0838877
0.4291322 -0.05940253 0.08392932
0.4294124 -0.05954661 0.08390319
0.4295908 -0.05965213 0.08396079
0.4298289 -0.0596916 0.08383575
0.4302122 -0.05947896 0.08359111
0.4305398 -0.05937467 0.08342369
0.4309552 -0.05934995 0.08329011
0.4311695 -0.05933527 0.08326966
0.4313935 -0.05929518 0.0831826
0.4316058 -0.05932454 0.08323427
0.4318044 -0.05943021 0.08330561
0.4320187 -0.0594544 0.08341935
0.432458 -0.05951926 0.08363563
0.4327356 -0.0595415 0.08378824
0.4329472 -0.05956831 0.08409341
0.4332358 -0.05948643 0.08426778
0.4338833 -0.05931834 0.0848207
0.4341333 -0.05928578 0.08507167
0.4343481 -0.05920643 0.08525193
0.434484 -0.05908684 0.08541423
0.434569 -0.05901335 0.08554348
0.4346892 -0.05891319 0.08570995
0.4347982 -0.05896651 0.08589941
0.4349113 -0.05901565 0.08596637
0.4349616 -0.0589232 0.08605933
0.4349523 -0.05891509 0.08615427
