-0.01950936 0.0741863 0.1061188
-0.01942119 0.07396233 0.1061924
-0.01942119 0.07396233 0.1061924
-0.01947089 0.07391742 0.1062271
-0.01948885 0.07387746 0.1062366
-0.01954673 0.07375154 0.1062911
-0.01959143 0.07372743 0.1062626
-0.01975859 0.07367453 0.1062075
-0.01985284 0.07369898 0.1061711
-0.01996103 0.07373617 0.1061355
-0.02013594 0.07378337 0.1060983
-0.02022876 0.07380834 0.1060645
-0.02035909 0.07384409 0.1059746
-0.02041915 0.07381976 0.1059886
-0.02047367 0.07383227 0.1059781
-0.02052514 0.07384183 0.105975
-0.02055236 0.07384319 0.1060047
-0.020675 0.07383097 0.1060664
-0.02072235 0.07379341 0.106074
-0.02074056 0.07374837 0.1060771
-0.02076225 0.07371294 0.106061
-0.02079815 0.07369447 0.1060841
-0.02096917 0.07374151 0.1061514
-0.02111194 0.07378418 0.1062061
-0.0213028 0.07381859 0.1062585
-0.02150385 0.07385396 0.1062985
-0.02162714 0.07386301 0.1063385
-0.02176299 0.07381037 0.1065094
-0.02184264 0.07383075 0.1066033
-0.021781 0.07375712 0.106675
-0.02162498 0.07359834 0.1066974
-0.02153351 0.073515 0.1067221
-0.02146916 0.07358684 0.1069026
-0.02132991 0.07355853 0.1070231
-0.0211668 0.0735507 0.107113
-0.02097921 0.07357097 0.1071835
-0.02077915 0.07348722 0.1072083
-0.02039751 0.07340067 0.1071831
-0.02017553 0.07339706 0.1071962
-0.01996 0.07344439 0.1072417
-0.01981582 0.07353862 0.1072836
-0.01964245 0.07362828 0.1073181
-0.01915253 0.07357542 0.107235
-0.01886727 0.07343112 0.1071549
-0.01865959 0.07336943 0.1071491
-0.01853399 0.07344387 0.1072471
-0.01842613 0.07352842 0.1073983
-0.01801007 0.07342599 0.1072844
-0.01766869 0.07325833 0.1071585
-0.01725606 0.07315695 0.1070741
-0.01684992 0.07317629 0.1070745
-0.01653952 0.07328619 0.1071461
-0.0160023 0.07349312 0.1073038
-0.01567091 0.07347596 0.1072894
-0.01529441 0.07343599 0.1072437
-0.01488723 0.07340729 0.1071539
-0.01442715 0.07339391 0.1070037
-0.01333628 0.07346681 0.1068422
-0.01274828 0.07351899 0.1067984
-0.01209919 0.07357153 0.1067095
-0.01137265 0.07362591 0.1065719
-0.01054432 0.07364716 0.1064008
-0.008731254 0.0736251 0.1059217
-0.007736992 0.07355271 0.1056753
-0.006747748 0.07345845 0.105397
-0.005753891 0.07344664 0.1051453
-0.004762217 0.07347468 0.1049509
-0.00253887 0.07376097 0.1046724
-0.001395171 0.07384939 0.1045479
-0.0004230263 0.07386872 0.1044215
0.0003739586 0.07384782 0.1043137
0.001489755 0.07388961 0.104201
0.001844955 0.07395663 0.1042337
0.002182712 0.07403135 0.1043116
0.002512523 0.07413814 0.1044182
0.002842277 0.07419725 0.1045693
0.00309136 0.07418704 0.1046688
0.003480792 0.07411063 0.1048264
0.003705444 0.07410265 0.1049204
0.003906608 0.07409617 0.1049628
0.004139962 0.07406518 0.1049995
0.004611075 0.07400765 0.104949
0.004764354 0.07400978 0.1049117
0.004901353 0.07399856 0.1048863
0.004949044 0.07399233 0.1048437
0.004990635 0.0740214 0.1048161
0.004931658 0.07404315 0.1047719
0.00478443 0.07403477 0.1047279
0.004681587 0.07403525 0.1046747
0.004574298 0.07400046 0.104638
0.004453385 0.07402919 0.1045547
0.004247212 0.07398736 0.1043371
0.004150259 0.07395108 0.104193
0.004015811 0.07397902 0.1041079
0.003945363 0.07404953 0.1040453
0.003930678 0.07408233 0.1039441
0.003890106 0.07413288 0.1037082
0.003840615 0.07417211 0.1035901
0.003742047 0.07419296 0.1034897
0.003656516 0.07421924 0.1034222
0.003616547 0.07433216 0.1033903
0.003425055 0.07426433 0.1033228
0.00336129 0.07422096 0.1032769
0.003305896 0.07428542 0.1032535
0.003224991 0.07431434 0.1032829
0.003136837 0.07433695 0.1033142
0.003037372 0.07431789 0.1033479
0.002977488 0.07429343 0.1033728
0.00291879 0.07429722 0.1034129
0.002924116 0.07430847 0.1034654
0.002935256 0.07430033 0.1035088
0.002993132 0.07429607 0.1035584
0.003054622 0.07427826 0.1036065
0.003133476 0.0742587 0.1036198
0.003216903 0.07427003 0.1036559
0.003356469 0.07426225 0.1036847
0.003575013 0.07422124 0.1037272
0.003708991 0.07417784 0.1037814
0.003757016 0.07415675 0.1037814
0.003847348 0.07414706 0.1037964
0.003948259 0.07412253 0.1038224
0.004153499 0.07407984 0.1038357
0.004240979 0.07406196 0.1038225
0.004310432 0.07403835 0.103823
0.004366787 0.07403426 0.103835
0.004462617 0.07405011 0.1038441
0.00460415 0.07408368 0.1038564
0.004686089 0.07410343 0.1039095
0.004767059 0.07413332 0.1039698
0.004808761 0.07413544 0.1039999
0.004855068 0.07412943 0.1039996
0.004992612 0.07417336 0.1039945
0.005109238 0.0741605 0.1039863
0.005276037 0.07414585 0.1039241
0.005458077 0.07413313 0.1038102
0.00564573 0.07414655 0.103724
0.006097787 0.07419263 0.1035323
0.006391343 0.07417003 0.1034179
0.006716415 0.07416026 0.1033124
0.007006472 0.07413064 0.1031848
0.007300112 0.07408896 0.1030776
0.008233731 0.07430428 0.1029924
0.008743417 0.07446094 0.1028914
0.009300654 0.07458424 0.1027583
0.009821592 0.07472283 0.1026446
0.01043021 0.07482417 0.1025492
0.01217452 0.07532918 0.1020701
0.01306939 0.07559726 0.1018455
0.01397243 0.0758865 0.1016567
0.01497627 0.07614965 0.1014849
0.01601302 0.07637373 0.1012333
0.01828363 0.0769918 0.1006467
0.01937626 0.07737249 0.1003958
0.02042444 0.07766025 0.1000234
0.02132113 0.07794097 0.09962087
0.02209596 0.07816452 0.09923525
0.02327652 0.07836812 0.09859956
0.02357725 0.07835966 0.09830189
0.02361286 0.0782913 0.09807902
0.02347879 0.07828511 0.09800696
0.02349182 0.07843509 0.0980074
0.02394293 0.07877655 0.09792893
0.02418678 0.07872768 0.09772883
0.0246196 0.07865711 0.09736626
0.02553166 0.07886882 0.09696048
0.02553166 0.07886882 0.09696048
0.02720821 0.07909664 0.09624702
0.02932476 0.07897608 0.09492949
0.03029141 0.07888566 0.0943769
0.03118459 0.07894808 0.09390937
0.03213551 0.07909423 0.09349514
0.0336918 0.07940804 0.09281252
0.03437178 0.07951439 0.09246745
0.03512093 0.07967682 0.09217978
0.03574323 0.07969712 0.09183785
0.03628321 0.07968485 0.09151047
0.03751296 0.07991633 0.09097995
0.03823913 0.08008352 0.09070669
0.03896149 0.08033399 0.09045322
0.03946876 0.08043388 0.09012213
0.03999768 0.08057734 0.08975809
0.0413274 0.08112132 0.0889919
0.04197553 0.08149809 0.08851644
0.04278686 0.08196363 0.08811312
0.04352154 0.08233579 0.08754189
0.04424561 0.08245271 0.08682679
0.0459812 0.08356149 0.08547094
0.04698407 0.08411919 0.08469902
0.047986 0.08463874 0.08398346
0.04887052 0.08505403 0.0830908
0.0497764 0.08548151 0.08210308
0.05158522 0.08642979 0.08028935
0.05258111 0.08689799 0.07932651
0.05366057 0.08748873 0.07845761
0.05463653 0.08797445 0.07754481
0.05547955 0.08834156 0.07672803
0.05713286 0.08930553 0.07534357
0.05809129 0.08996066 0.07495129
0.05916812 0.09051947 0.07486686
0.05985385 0.09082717 0.07474682
0.06023346 0.09124734 0.07468574
0.06115389 0.09253845 0.07484818
0.0616053 0.09315008 0.07489683
0.06210778 0.09369048 0.07514802
0.06231731 0.09415162 0.07535153
0.06257471 0.09469916 0.07547772
0.06311148 0.09620245 0.0757294
0.06337579 0.0968544 0.07588544
0.0638779 0.09727111 0.07623518
0.0642323 0.09768307 0.07654962
0.06465799 0.09818345 0.07669986
0.06597689 0.09895627 0.07684324
0.06664565 0.09896563 0.07690935
0.06765059 0.09891073 0.07709205
0.06851348 0.09891601 0.0771397
0.06937243 0.09879585 0.07702026
0.07081621 0.0976852 0.07685006
0.07125644 0.09684097 0.07676375
0.07162224 0.09598703 0.0767976
0.07162921 0.09502935 0.07661293
0.07179335 0.09393851 0.07618298
0.07212002 0.09137934 0.07484196
0.07194218 0.08962938 0.07392685
0.07172609 0.08759612 0.07309261
0.07140385 0.08530186 0.07192762
0.07087198 0.0831224 0.07042255
0.07005418 0.0799491 0.06779009
0.06936494 0.0786048 0.06652187
0.06881289 0.07724442 0.06562388
0.06802641 0.07617764 0.06427106
0.06691889 0.07488749 0.06158481
0.06631771 0.0752409 0.05955409
0.06591285 0.07630338 0.05782916
0.06485629 0.07624935 0.05795923
0.06383041 0.07602893 0.05884939
0.06233938 0.07608785 0.06074114
0.06167958 0.07625189 0.06169946
0.06150271 0.07620226 0.06348002
0.06110583 0.07588807 0.06503667
0.06052569 0.07508283 0.06655291
0.05925886 0.07307385 0.07032734
0.05899683 0.07206643 0.07271443
0.05905501 0.07090773 0.07578126
0.05886588 0.06987981 0.0786269
0.05847028 0.06883291 0.08141313
0.05814933 0.06804611 0.08460815
0.05791317 0.06655915 0.09150198
0.05806478 0.06596617 0.09571248
0.05837588 0.06540018 0.09979954
0.05880534 0.0648503 0.1040534
0.06000421 0.06396104 0.1135046
0.06075862 0.06353548 0.1186129
0.06196854 0.06304879 0.1244099
0.06295328 0.06236058 0.1298324
0.06410363 0.06158555 0.1353321
0.06680519 0.06032048 0.1472822
0.06827916 0.05951676 0.1535906
0.06968413 0.0585888 0.1597124
0.07104587 0.05783865 0.1658483
0.07249561 0.0570637 0.1720773
0.07372629 0.05630158 0.1781085
0.0762515 0.0549143 0.190004
0.07802871 0.05435641 0.1961169
0.07986917 0.05392659 0.2021158
0.08194415 0.05373688 0.2081845
0.08715881 0.05376054 0.2210687
0.0897634 0.05381129 0.2273384
0.09246577 0.05345914 0.2335299
0.09510785 0.05286168 0.2395612
0.09773614 0.05236007 0.2454712
0.1024968 0.05084917 0.2569181
0.1042857 0.04924017 0.2621301
0.1058044 0.04718345 0.2669858
0.1073826 0.04505585 0.2716549
0.1092905 0.04258591 0.2762866
0.113823 0.03789502 0.2854905
0.1163103 0.03574082 0.2901924
0.1194492 0.03365378 0.2952564
0.1229902 0.03134363 0.3004605
0.1266047 0.02910455 0.3058338
0.1348656 0.02486825 0.3171926
0.1397239 0.02289888 0.3229138
0.1450458 0.02120811 0.3288829
0.1505086 0.01964018 0.3348278
0.1560287 0.01806905 0.3405312
0.1664345 0.0144985 0.3504913
0.1713852 0.01250038 0.3549627
0.1760754 0.01039615 0.3591699
0.1807648 0.008451618 0.3632224
0.1853253 0.006558053 0.3673102
0.194019 0.003073975 0.3755636
0.1981736 0.001286313 0.37973
0.2023678 -0.0004740059 0.3839815
0.206601 -0.002168357 0.388228
0.2109602 -0.003820181 0.3926745
0.2194527 -0.006918669 0.4016038
0.223371 -0.008443788 0.4058453
0.2271941 -0.009933412 0.409982
0.2305674 -0.01153231 0.4139446
0.2335976 -0.01318235 0.4180591
0.2392247 -0.01595774 0.4259987
0.2420526 -0.01714185 0.4297905
0.2447322 -0.01824382 0.4334012
0.2470134 -0.01946826 0.4365268
0.2491446 -0.02058424 0.439391
0.2531047 -0.02274454 0.4449819
0.2550194 -0.02381507 0.447611
0.2568597 -0.02479891 0.4503598
0.2584922 -0.02586854 0.4527892
0.2599958 -0.02699238 0.4551415
0.262815 -0.02939388 0.459135
0.2642959 -0.03065088 0.4611129
0.2657733 -0.03176925 0.4631236
0.2672422 -0.03296915 0.4649169
0.2686048 -0.03413608 0.4667015
0.2710319 -0.03652866 0.4698204
0.2718986 -0.03771389 0.4711408
0.2726113 -0.03882717 0.4723537
0.2731988 -0.03986237 0.4733327
0.2737711 -0.04080028 0.4742952
0.2746028 -0.04197869 0.4761645
0.2749366 -0.04232754 0.4771831
0.2750854 -0.04277167 0.4779337
0.2752355 -0.04323898 0.4785135
0.2753659 -0.04362611 0.4789827
0.2754192 -0.04430252 0.4799316
0.275323 -0.04469261 0.4803047
0.2755174 -0.04446238 0.4809374
0.2753499 -0.04479349 0.4812227
0.2750322 -0.04510593 0.4814388
0.2742281 -0.04541691 0.4814793
0.2737095 -0.04537035 0.4812939
0.2731198 -0.04520035 0.4809303
0.2724366 -0.04480803 0.4804551
0.2716064 -0.04427449 0.4797358
0.269524 -0.04254838 0.4777513
0.268324 -0.04131988 0.476398
0.2670273 -0.03994398 0.4746461
0.2656133 -0.03821766 0.4726164
0.2639618 -0.03622543 0.4701745
0.2599633 -0.03147415 0.4640082
0.2578465 -0.02871464 0.4603685
0.2557133 -0.02575515 0.4563976
0.2534218 -0.02254581 0.4522205
0.250799 -0.01921183 0.447546
0.2450519 -0.01182086 0.4376315
0.2419823 -0.007901266 0.4323574
0.2385315 -0.003999129 0.426554
0.2347191 -5.304813E-06 0.420456
0.2307007 0.003924616 0.4141548
0.2222285 0.01163002 0.4010587
0.2176668 0.01544782 0.3942086
0.2130932 0.01981828 0.3875051
0.2081514 0.02352185 0.3802131
0.2030707 0.02699977 0.3727897
0.1924786 0.03344529 0.3574
0.1869259 0.03646066 0.3494444
0.1812871 0.03917756 0.3412863
0.1754442 0.04177877 0.3330451
0.1695703 0.04408874 0.3246914
0.1574477 0.04812568 0.307761
0.1512052 0.04973348 0.2991471
0.1447766 0.05102145 0.2904398
0.1382684 0.05212343 0.2818847
0.1320195 0.05287173 0.2735102
0.1201236 0.0538327 0.2573104
0.1142909 0.05417995 0.2494499
0.1084879 0.05430336 0.2418236
0.102705 0.05446778 0.2345611
0.09697936 0.05475032 0.2277886
0.08609955 0.05527465 0.2154868
0.08138142 0.05580235 0.2099963
0.07687239 0.05651867 0.2051818
0.07256825 0.0574032 0.2007834
0.06780231 0.05836311 0.196906
0.05771434 0.0602508 0.1904154
0.05279469 0.06133503 0.1877355
0.04787434 0.06222232 0.1856699
0.04350497 0.06304795 0.1838958
0.03937998 0.06404826 0.1825389
0.03208141 0.06576914 0.1804131
0.02883991 0.06645978 0.1797097
0.02583277 0.06728782 0.1792867
0.02320141 0.0679352 0.1789518
0.02065707 0.0686353 0.1788949
0.01646306 0.07025926 0.1794842
0.01495785 0.07129743 0.1800387
0.01372584 0.07239446 0.1808526
0.0132087 0.07351646 0.1817038
0.01322931 0.07485275 0.1827117
0.01521233 0.07751276 0.1844245
0.01709258 0.07861507 0.1853138
0.01930365 0.07956026 0.1862538
0.0221502 0.07999636 0.1870726
0.02534949 0.08032022 0.1877863
0.03332844 0.08032764 0.1892033
0.03844261 0.08010446 0.1900687
0.04417366 0.07999869 0.191087
0.0508226 0.0796113 0.1920824
0.05774269 0.07899733 0.1929663
0.07319868 0.07725232 0.1947198
0.08203448 0.07641744 0.1960168
0.09134589 0.07577702 0.1976633
0.1014171 0.07507998 0.1992863
0.1116733 0.07414853 0.2008207
0.1330739 0.07140545 0.2040992
0.1448828 0.07052091 0.2058667
0.1573313 0.06935024 0.207451
0.1708592 0.06825743 0.2087903
0.1849361 0.06708579 0.2099516
0.2141872 0.06483814 0.2118519
0.2294216 0.063533 0.2117206
0.2449341 0.06206792 0.2106971
0.2596099 0.06064469 0.2091461
0.2736578 0.05932062 0.2073056
0.3009697 0.05906443 0.2033152
0.3143165 0.05994717 0.2014685
0.3266155 0.06074224 0.199528
0.3369353 0.06184334 0.1973808
0.346939 0.06374384 0.1953148
0.3675425 0.06986558 0.191507
0.3770686 0.07327929 0.1895865
0.3858171 0.07650888 0.1875647
0.3934575 0.0798704 0.1854331
0.4004678 0.08372804 0.1832809
0.4132762 0.09310938 0.1795055
0.4193585 0.09864452 0.177754
0.425492 0.1050764 0.1754722
0.4313858 0.1126305 0.1726221
0.4363915 0.1200874 0.1694809
0.444119 0.1368603 0.1623368
0.4473487 0.1465879 0.1585107
0.4502241 0.1573678 0.1544082
0.4530588 0.1686952 0.1498836
0.4554937 0.1806867 0.1449668
0.4588017 0.2056336 0.1342232
0.4597707 0.218359 0.1283624
0.4600609 0.2308215 0.1228347
0.4597722 0.243387 0.1171432
0.4589078 0.255806 0.1116389
0.4555468 0.279987 0.1006663
0.4525974 0.2915139 0.09538733
0.4488946 0.3026734 0.09063423
0.4444008 0.3128365 0.08620583
0.4330919 0.3305861 0.07931641
0.4262758 0.3386917 0.07705695
0.4190149 0.3464689 0.07501569
0.4115772 0.3544276 0.07331997
0.4039612 0.3611073 0.07214914
0.3893986 0.3713785 0.07095931
0.3827541 0.3759625 0.07076149
0.376852 0.3801757 0.07095436
0.3713636 0.383864 0.07119612
0.3662107 0.3870044 0.07142249
0.3571961 0.3926958 0.07124108
0.3533317 0.395534 0.07112068
0.3497355 0.3984465 0.07094854
0.346538 0.4012713 0.07022979
0.3434807 0.403978 0.0690207
0.338127 0.4087116 0.06499676
0.3357177 0.4105313 0.0618007
0.3337731 0.4123726 0.05784595
0.3323309 0.4142736 0.05324553
0.3310692 0.416107 0.04822749
0.3284619 0.4195691 0.03634093
0.3270539 0.421155 0.02886335
0.325626 0.4223829 0.02038835
0.3239703 0.4232041 0.01116795
0.3221006 0.4239285 0.001471587
0.3169194 0.4246581 -0.01865026
0.313452 0.4245201 -0.0288617
0.3095427 0.4245796 -0.03987496
0.3053436 0.4246376 -0.05153349
0.3009582 0.4248401 -0.06361116
0.2914751 0.4254378 -0.08906519
0.286534 0.425828 -0.1027707
0.2815741 0.4261715 -0.1172749
0.2769296 0.4268894 -0.1332168
0.2723485 0.4278676 -0.1504479
0.2626168 0.430041 -0.1867675
0.2562688 0.4315561 -0.2051391
0.249965 0.4322706 -0.222914
0.2425414 0.4330225 -0.2404631
0.2348167 0.4338485 -0.2573345
0.2188287 0.4370566 -0.2889246
0.2108492 0.4396636 -0.3041649
0.2032436 0.4429531 -0.3193763
0.1956566 0.4467999 -0.3346068
0.1883541 0.4504339 -0.3491184
0.1729653 0.456703 -0.3757773
0.1649044 0.4592408 -0.3880228
0.1568955 0.4615119 -0.3995101
0.1489577 0.4636853 -0.4105384
0.1411422 0.4656114 -0.4204175
0.1260642 0.4693066 -0.4385631
0.1186441 0.4711626 -0.4471497
0.1115676 0.4730448 -0.4550945
0.1043448 0.474947 -0.4624912
0.09683141 0.4768094 -0.4686724
0.08283637 0.4799692 -0.4804155
0.07611842 0.4816332 -0.4857339
0.06996422 0.4837128 -0.490696
0.06353532 0.4854206 -0.4958074
0.05758888 0.4872581 -0.5006309
0.0461814 0.4905319 -0.509386
0.04035464 0.4920045 -0.5131773
0.03439952 0.4936268 -0.5166392
0.02835959 0.4953065 -0.5203456
0.02248062 0.4972998 -0.5241536
0.01037407 0.5016047 -0.5322398
0.004287221 0.5037416 -0.5360081
-0.001598264 0.5057489 -0.5391456
-0.007697362 0.5077095 -0.5428567
-0.01359351 0.5097286 -0.5465956
-0.0254956 0.5133778 -0.555258
-0.03157661 0.5150563 -0.5602399
-0.03743029 0.5164816 -0.5651982
-0.0435463 0.517794 -0.5707667
-0.05002361 0.5193664 -0.5761888
-0.06248747 0.521144 -0.5886607
-0.06820787 0.5212916 -0.5956057
-0.07381351 0.5208308 -0.6025989
-0.07935365 0.5200205 -0.609897
-0.08478966 0.5191152 -0.6173018
-0.09511013 0.5171405 -0.6341503
-0.1002489 0.516504 -0.6438376
-0.1054561 0.5162009 -0.6543493
-0.1106753 0.5161664 -0.665386
-0.1160871 0.5165224 -0.6771929
-0.125751 0.5178176 -0.7023762
-0.13003 0.518555 -0.7158689
-0.1342481 0.5193212 -0.7297125
-0.1378918 0.5200405 -0.7437036
-0.1413707 0.5209136 -0.7580371
-0.1483631 0.5243449 -0.7885076
-0.1528007 0.5276926 -0.8064205
-0.1569493 0.5310704 -0.8217435
-0.1608781 0.5339584 -0.8345946
-0.1664762 0.5379667 -0.8476843
-0.1795093 0.5489311 -0.8740143
-0.1859257 0.552394 -0.8873508
-0.1922379 0.5551255 -0.9000259
-0.1987056 0.5563963 -0.9114233
-0.2055114 0.5575631 -0.9234347
-0.219692 0.5594729 -0.946789
-0.2272113 0.5600783 -0.9576961
-0.2351236 0.5604212 -0.9691546
-0.2433299 0.5600038 -0.9795997
-0.2517174 0.5591619 -0.9905934
-0.2687829 0.5564017 -1.012238
-0.2774922 0.5549619 -1.023025
-0.2865539 0.5536571 -1.035649
-0.2953698 0.5520027 -1.047033
-0.3048166 0.5501374 -1.059726
-0.3237098 0.5467508 -1.084847
-0.3336478 0.5447648 -1.097018
-0.3440999 0.5428538 -1.109427
-0.35466 0.5406459 -1.121724
-0.3657466 0.5379497 -1.133712
-0.3884646 0.5333149 -1.157775
-0.4000527 0.5313231 -1.169914
-0.4117898 0.5288693 -1.182043
-0.423626 0.5268764 -1.194012
-0.4355121 0.5245305 -1.205624
-0.4604472 0.5214998 -1.229013
-0.4731714 0.5207649 -1.240999
-0.4864634 0.5195701 -1.25384
-0.5005114 0.5201434 -1.268253
-0.5136374 0.5212725 -1.282053
-0.5392013 0.5250677 -1.308054
-0.5514241 0.5282354 -1.320742
-0.5627618 0.5304421 -1.334308
-0.5730804 0.5325156 -1.34758
-0.5828364 0.5337878 -1.361534
-0.5991892 0.5347253 -1.385861
-0.6057908 0.5344976 -1.397307
-0.6115697 0.5340432 -1.409014
-0.6171228 0.5339382 -1.420076
-0.6224412 0.5337749 -1.431594
-0.6331538 0.5337806 -1.455739
-0.6385438 0.5331635 -1.468034
-0.6437372 0.531594 -1.480487
-0.6490048 0.5292441 -1.492397
-0.654165 0.5260187 -1.504177
-0.6642804 0.5182034 -1.527692
-0.6691815 0.5136157 -1.539397
-0.6740086 0.5088551 -1.551532
-0.6786221 0.5040082 -1.563976
-0.6826419 0.4989827 -1.577342
-0.6893905 0.4888833 -1.60519
-0.6931691 0.484846 -1.620025
-0.6970446 0.481181 -1.634731
-0.7005922 0.477832 -1.649693
-0.7041888 0.4749394 -1.664927
-0.7103151 0.4700846 -1.696241
-0.7129119 0.4683537 -1.712824
-0.7156787 0.4670388 -1.72948
-0.7179817 0.4658048 -1.746123
-0.7206251 0.4649375 -1.763395
-0.7258139 0.4623054 -1.798872
-0.7291464 0.4619942 -1.818356
-0.7326298 0.4642797 -1.836049
-0.7363883 0.4662257 -1.853345
-0.7402041 0.468118 -1.869366
-0.748345 0.4703882 -1.899884
-0.7531189 0.4706565 -1.914656
-0.7578597 0.4712009 -1.926431
-0.7630951 0.4705701 -1.936235
-0.7709229 0.4702485 -1.95383
-0.7742049 0.4710618 -1.961735
-0.7774158 0.4722124 -1.970979
-0.7805276 0.4734603 -1.979251
-0.7836807 0.4745932 -1.9886
-0.7865965 0.4755227 -1.996889
-0.7916126 0.4768481 -2.013442
-0.7938103 0.4772805 -2.021306
-0.7958605 0.4775551 -2.028152
-0.7982004 0.4776829 -2.035547
-0.8001547 0.4776446 -2.041775
-0.8040596 0.4769726 -2.052968
-0.8062041 0.4767152 -2.058342
-0.8081964 0.4755857 -2.062248
-0.8108661 0.4745148 -2.065608
-0.8129003 0.4734418 -2.068575
-0.8177233 0.4710971 -2.074583
-0.8209337 0.4698503 -2.077948
-0.8239335 0.4690868 -2.082078
-0.8281021 0.4688077 -2.087098
-0.8370461 0.4680212 -2.099303
-0.8416474 0.4673006 -2.105169
-0.8471609 0.4666194 -2.111008
-0.8524239 0.4652717 -2.116419
-0.8584906 0.4636982 -2.122006
-0.8644029 0.4618495 -2.127408
-0.8770717 0.4582278 -2.138384
-0.8835589 0.4566673 -2.143791
-0.889677 0.4549203 -2.148664
-0.8959159 0.4532059 -2.153821
-0.9019363 0.4513197 -2.158572
-0.9147487 0.4474571 -2.16785
-0.9210746 0.4455014 -2.172899
-0.927704 0.4437223 -2.17711
-0.9349281 0.4419993 -2.181864
-0.9500552 0.4387685 -2.190393
-0.9579953 0.437359 -2.194106
-0.9662466 0.4362695 -2.198586
-0.9746235 0.4349861 -2.202433
-0.9833497 0.4339831 -2.207204
-0.9915801 0.4325682 -2.211248
-1.008297 0.4297144 -2.221163
-1.01723 0.4290008 -2.227622
-1.025707 0.4276136 -2.233837
-1.036926 0.4256673 -2.243297
-1.055878 0.4230579 -2.259206
-1.064828 0.4219048 -2.266491
-1.07463 0.4208251 -2.274247
-1.08369 0.4197683 -2.281289
-1.093971 0.4189962 -2.289099
-1.115077 0.417898 -2.305555
-1.125836 0.4169422 -2.313708
-1.137204 0.4161635 -2.32256
-1.147948 0.4148651 -2.330489
-1.159547 0.414024 -2.338904
-1.184607 0.4150681 -2.356893
-1.19656 0.4176241 -2.363604
-1.208035 0.4200428 -2.370984
-1.217902 0.4220921 -2.377668
-1.225889 0.4251909 -2.383746
-1.236552 0.4299638 -2.393894
-1.240232 0.432055 -2.399177
-1.24414 0.4345548 -2.405654
-1.247034 0.4368126 -2.410006
-1.250382 0.4394173 -2.41412
-1.256085 0.4438933 -2.420305
-1.258852 0.4459056 -2.422446
-1.261562 0.447755 -2.424764
-1.264471 0.4500144 -2.427
-1.267254 0.4524917 -2.429245
-1.270123 0.4547379 -2.431483
-1.275741 0.458442 -2.437984
-1.278147 0.459739 -2.439458
-1.280589 0.4610523 -2.441876
-1.282686 0.4617813 -2.442638
-1.286563 0.4631413 -2.445249
-1.288307 0.4644797 -2.446198
-1.28949 0.464798 -2.446342
-1.292185 0.4672117 -2.448486
-1.293601 0.4676763 -2.448873
-1.296774 0.4677184 -2.449608
-1.298659 0.4686358 -2.450598
-1.300048 0.4690976 -2.45101
-1.301125 0.4691166 -2.451248
-1.302323 0.4695861 -2.451604
-1.305032 0.4715708 -2.453485
-1.306553 0.4730481 -2.454983
-1.307645 0.4735889 -2.45591
-1.308486 0.4745616 -2.456797
-1.309399 0.4751219 -2.45797
-1.31116 0.4765455 -2.461505
-1.31127 0.4767994 -2.463286
-1.311397 0.4771113 -2.464881
-1.31128 0.4776286 -2.467585
-1.310831 0.4776887 -2.4697
-1.30936 0.4780055 -2.474944
-1.308562 0.4780639 -2.477718
-1.307643 0.477717 -2.480835
-1.306614 0.4777855 -2.484445
-1.305555 0.4773787 -2.48781
-1.303353 0.4777158 -2.495592
-1.301899 0.4776708 -2.499296
-1.300649 0.4772549 -2.503248
-1.299245 0.4772718 -2.507629
-1.297804 0.4770561 -2.511863
-1.294016 0.4771529 -2.521231
-1.291656 0.4767523 -2.52628
-1.289598 0.4768161 -2.531724
-1.287732 0.4773809 -2.538522
-1.285404 0.4778165 -2.544778
-1.280103 0.4791597 -2.558673
-1.277405 0.4799309 -2.567039
-1.274653 0.4801571 -2.574421
-1.271747 0.4800868 -2.582594
-1.268917 0.480114 -2.590651
-1.262593 0.4802145 -2.608437
-1.259442 0.4803802 -2.617778
-1.255923 0.4800652 -2.626017
-1.252044 0.4801595 -2.6359
-1.249411 0.480343 -2.644447
-1.24289 0.4815962 -2.661012
-1.239411 0.4826701 -2.668912
-1.236999 0.4835972 -2.676102
-1.233912 0.484956 -2.683334
-1.231201 0.4863486 -2.689184
-1.224007 0.489612 -2.699288
-1.219971 0.4918156 -2.703508
-1.216398 0.4936365 -2.707355
-1.212543 0.4957935 -2.710789
-1.209082 0.4977134 -2.714224
-1.201816 0.5015513 -2.72017
-1.198307 0.5025223 -2.724122
-1.195321 0.5034853 -2.72736
-1.192617 0.5037323 -2.731629
-1.190163 0.5042567 -2.73483
-1.184777 0.5048887 -2.741858
-1.181765 0.5049334 -2.744758
-1.179005 0.5047489 -2.74715
-1.175399 0.5045459 -2.749339
-1.172683 0.5043498 -2.751283
-1.167274 0.5039713 -2.755277
-1.164152 0.5036995 -2.756139
-1.161758 0.5037436 -2.75699
-1.159173 0.5036694 -2.757636
-1.15668 0.5037585 -2.757908
-1.151893 0.5039437 -2.757312
-1.149221 0.5042034 -2.756686
-1.146724 0.504423 -2.755491
-1.143049 0.5063018 -2.754069
-1.140532 0.5065787 -2.752194
-1.13518 0.5070347 -2.747606
-1.132452 0.5077868 -2.745315
-1.129974 0.5083369 -2.742666
-1.127463 0.5089396 -2.739872
-1.124982 0.5095077 -2.736845
-1.11935 0.5106897 -2.730094
-1.117126 0.511435 -2.726231
-1.114912 0.512338 -2.722102
-1.11367 0.513394 -2.718722
-1.111605 0.5144718 -2.714262
-1.107531 0.5163684 -2.704572
-1.105047 0.5174129 -2.699299
-1.102797 0.5186489 -2.694023
-1.100371 0.5198884 -2.688476
-1.097719 0.5212719 -2.682726
-1.092103 0.5246086 -2.670842
-1.089279 0.5265139 -2.664555
-1.086364 0.5286848 -2.65797
-1.083276 0.5311984 -2.651135
-1.080024 0.5340695 -2.644195
-1.073147 0.5404873 -2.63016
-1.069456 0.543891 -2.622905
-1.065506 0.5474628 -2.615508
-1.061247 0.5510502 -2.608089
-1.05671 0.5544477 -2.600599
-1.046906 0.5598075 -2.585927
-1.041945 0.5618738 -2.579151
-1.037194 0.5638235 -2.573137
-1.032517 0.5658829 -2.56792
-1.027752 0.5680422 -2.563296
-1.017349 0.5720129 -2.554357
-1.011988 0.5741677 -2.550202
-1.006966 0.5766035 -2.546402
-1.002256 0.5792713 -2.542931
-0.9974966 0.5822319 -2.539496
-0.9961774 0.5844406 -2.539473
-0.9953805 0.5859535 -2.539314
-0.9944615 0.587815 -2.539009
-0.9934204 0.5899678 -2.538572
-0.9923307 0.592243 -2.53801
-0.990242 0.5969207 -2.53646
-0.98938 0.5988485 -2.535711
-0.9887995 0.6002775 -2.535061
-0.9885114 0.6012331 -2.534522
-0.9884101 0.6018507 -2.534091
-0.9885013 0.6028832 -2.533136
-0.9885221 0.6040306 -2.532109
-0.9885339 0.6052557 -2.530987
-0.9887081 0.6064239 -2.529731
-0.9890561 0.6074839 -2.528378
-0.9896929 0.6097945 -2.525384
-0.989966 0.6110106 -2.523776
-0.9514241 0.6379397 -2.518157
-0.9511248 0.6397728 -2.520262
-0.9520659 0.6410463 -2.522385
-0.951757 0.6426476 -2.528419
-0.9507025 0.6431736 -2.532237
-0.9501702 0.6434079 -2.536923
-0.948817 0.643442 -2.541721
-0.9493473 0.6431254 -2.547032
-0.9470271 0.6418426 -2.559874
-0.9453384 0.6412102 -2.56699
-0.9438411 0.6397626 -2.574661
-0.9424025 0.639193 -2.583091
-0.9423056 0.6381414 -2.594774
-0.9404963 0.6366479 -2.615259
-0.9392159 0.636025 -2.626053
-0.9389277 0.6353102 -2.637481
-0.9375921 0.6344726 -2.64939
-0.9381171 0.6333365 -2.661402
-0.9356965 0.6309518 -2.687001
-0.9344903 0.6301253 -2.700034
-0.9358339 0.6307861 -2.714695
-0.9364277 0.6320169 -2.730008
-0.9349371 0.63085 -2.742486
-0.9329144 0.6313275 -2.766862
-0.9329862 0.6349036 -2.778234
-0.934444 0.6389707 -2.788189
-0.9347203 0.6427831 -2.797279
-0.9346387 0.6454036 -2.805235
-0.9339254 0.6505635 -2.818484
-0.9330146 0.6529872 -2.82473
-0.932729 0.655551 -2.830601
-0.9314833 0.6585311 -2.835929
-0.9308379 0.6616111 -2.840399
-0.9284555 0.6672888 -2.848161
-0.9266398 0.6694695 -2.851542
-0.9256229 0.6699228 -2.854821
-0.9234116 0.671577 -2.857594
-0.9210964 0.6729942 -2.860111
-0.9177289 0.6765975 -2.863475
-0.915785 0.6781424 -2.865871
-0.9139088 0.6788206 -2.865105
-0.9121558 0.6799649 -2.867366
-0.9070823 0.6805532 -2.868417
-0.9044217 0.6814951 -2.870461
-0.9034051 0.6852175 -2.8725
-0.9184191 0.6834486 -2.887165
-0.9179894 0.6855521 -2.889411
-0.9866841 0.6726832 -2.909838
-0.9984442 0.6702319 -2.914615
-1.004953 0.6687679 -2.920535
-1.006775 0.6681172 -2.922644
-1.013161 0.6664164 -2.92848
-1.022137 0.6640956 -2.937478
-1.025727 0.6632637 -2.940319
-1.033159 0.661799 -2.94721
-1.037694 0.6609064 -2.950361
-1.046698 0.6597707 -2.957381
-1.06167 0.6570997 -2.968014
-1.06787 0.6562278 -2.971365
-1.077519 0.6552432 -2.978277
-1.084086 0.6548247 -2.98159
-1.094836 0.654304 -2.989467
-1.113927 0.6547055 -3.000704
-1.121956 0.6562088 -3.004815
-1.134474 0.6566398 -3.013401
-1.141167 0.6585927 -3.018715
-1.151585 0.6604663 -3.02789
-1.168353 0.6685526 -3.042052
-1.173947 0.6726213 -3.047061
-1.184058 0.6767075 -3.055532
-1.188806 0.6797479 -3.060367
-1.197383 0.6816031 -3.069261
-1.207013 0.6826221 -3.084
-1.20899 0.6831125 -3.089712
-1.217198 0.6824663 -3.098843
-1.219514 0.6839672 -3.103964
-1.228297 0.6837403 -3.112837
-1.235867 0.6890281 -3.123765
-1.239028 0.6917077 -3.128323
-1.247716 0.693974 -3.136977
-1.251131 0.6957029 -3.141616
-1.257827 0.6956646 -3.148503
-1.270961 0.6955392 -3.160878
-1.27488 0.695236 -3.166083
-1.287211 0.6930355 -3.174657
-1.291831 0.6927188 -3.180513
-1.323787 0.6823485 -3.197483
-1.343699 0.6976716 -3.21111
-1.35022 0.6976076 -3.217834
-1.360265 0.6974866 -3.223957
-1.367125 0.6976905 -3.230936
-1.375175 0.6971707 -3.238168
-1.389938 0.6946835 -3.253488
-1.396332 0.6926532 -3.261111
-1.40367 0.6896311 -3.269156
-1.410059 0.6866256 -3.27666
-1.417557 0.6832429 -3.28478
-1.43218 0.677431 -3.300025
-1.439419 0.6756738 -3.307009
-1.448187 0.6747482 -3.314668
-1.456418 0.674909 -3.321587
-1.465823 0.6753247 -3.329124
-1.484065 0.6773701 -3.343993
-1.492757 0.6789761 -3.35107
-1.502777 0.6806275 -3.359209
-1.511571 0.6823134 -3.365825
-1.521232 0.6835172 -3.372982
-1.538625 0.6838704 -3.385608
-1.546365 0.6833917 -3.390757
-1.555388 0.6827561 -3.396582
-1.563415 0.6823673 -3.401365
-1.572364 0.6820692 -3.406767
-1.589312 0.6825106 -3.415185
-1.596759 0.6827888 -3.418339
-1.605286 0.6828795 -3.422007
-1.612386 0.6835265 -3.424384
-1.620855 0.6843261 -3.427178
-1.637653 0.6864469 -3.429611
-1.645215 0.6874282 -3.430559
-1.65372 0.6877226 -3.432052
-1.661358 0.6879129 -3.432693
-1.67014 0.6875597 -3.433752
-1.687737 0.6865052 -3.435096
-1.696294 0.6858544 -3.434958
-1.705964 0.6848452 -3.435133
-1.714874 0.6839292 -3.434443
-1.724966 0.6825819 -3.433985
-1.745992 0.6791313 -3.432233
-1.755173 0.6774355 -3.430331
-1.766885 0.6752006 -3.429105
-1.776223 0.6732891 -3.426683
-1.787605 0.670958 -3.424932
-1.809645 0.6664401 -3.420004
-1.820054 0.6645383 -3.416842
-1.832325 0.6625605 -3.414158
-1.843589 0.6611225 -3.41051
-1.857966 0.6596405 -3.40558
-1.883543 0.6576135 -3.396613
-1.895649 0.6565094 -3.391336
-1.908611 0.6551571 -3.386291
-1.92121 0.6539837 -3.38104
-1.933665 0.6531345 -3.374945
-1.960664 0.653616 -3.362448
-1.974884 0.6550649 -3.356898
-1.987676 0.6569244 -3.351444
-2.000519 0.659321 -3.346927
-2.012205 0.6621365 -3.342254
-2.034638 0.6674978 -3.335946
-2.045714 0.6703578 -3.333947
-2.055885 0.6727097 -3.331527
-2.06675 0.6746687 -3.330376
-2.076724 0.6763054 -3.328991
-2.097606 0.6790371 -3.32799
-2.108013 0.6802393 -3.328102
-2.117814 0.6814282 -3.327562
-2.128715 0.6827009 -3.328081
-2.13844 0.6836329 -3.32777
-2.159209 0.6853557 -3.328246
-2.170119 0.6857455 -3.328536
-2.18011 0.6863463 -3.328175
-2.191592 0.6862882 -3.328544
-2.202037 0.6860296 -3.328017
-2.225779 0.6833345 -3.32786
-2.238806 0.6811532 -3.328216
-2.250345 0.6792477 -3.327814
-2.264099 0.6764404 -3.32826
-2.276103 0.6739634 -3.328016
-2.302346 0.6680695 -3.32866
-2.317461 0.6645576 -3.330012
-2.330437 0.6615008 -3.330003
-2.345912 0.6575022 -3.331606
-2.359147 0.654273 -3.331695
-2.388625 0.6473378 -3.333176
-2.404156 0.6450083 -3.347189
-2.418332 0.6427046 -3.348
-2.437212 0.6490095 -3.356299
-2.451468 0.6470655 -3.357624
-2.481957 0.6440541 -3.363667
-2.497981 0.6433928 -3.368149
-2.51308 0.6435186 -3.369644
-2.530416 0.6442276 -3.374073
-2.560787 0.647181 -3.379918
-2.575292 0.6506419 -3.38078
-2.590411 0.6548501 -3.382953
-2.603517 0.6591359 -3.382707
-2.616998 0.6625211 -3.383495
-2.628053 0.6658314 -3.382166
-2.649868 0.669 -3.380665
-2.661047 0.6689795 -3.380003
-2.670286 0.6683481 -3.377791
-2.67968 0.6669556 -3.376539
-2.687555 0.6659808 -3.37395
-2.704683 0.6655005 -3.369565
-2.714169 0.666122 -3.367877
-2.722518 0.6673601 -3.36408
-2.732143 0.6682483 -3.361783
-2.740422 0.6691369 -3.35752
-2.758392 0.6702687 -3.350283
-2.768104 0.6701694 -3.34683
-2.776806 0.66977 -3.341815
-2.786303 0.6688625 -3.337992
-2.794938 0.6676433 -3.332526
-2.813138 0.6644867 -3.32239
-2.822452 0.6626675 -3.317512
-2.831278 0.6606426 -3.310838
-2.840513 0.6584789 -3.305166
-2.849321 0.6560583 -3.29791
-2.867559 0.6509206 -3.283776
-2.877077 0.6481724 -3.276383
-2.886435 0.6452199 -3.268268
-2.896631 0.6423149 -3.260373
-2.906706 0.6394873 -3.25157
-2.928216 0.6345456 -3.233537
-2.939384 0.6325034 -3.224325
-2.950301 0.6307247 -3.214207
-2.961538 0.6291698 -3.204082
-2.972393 0.6278679 -3.193144
-2.995121 0.6264822 -3.170401
-3.007072 0.6269038 -3.159133
-3.018921 0.627804 -3.147168
-3.030681 0.6289611 -3.13614
-3.041876 0.630476 -3.125036
-3.063478 0.6352855 -3.104939
-3.073705 0.6378722 -3.095577
-3.083141 0.6404492 -3.086593
-3.092566 0.6428446 -3.078916
-3.109953 0.6459838 -3.065678
-3.118023 0.646806 -3.059584
-3.125941 0.6474749 -3.054596
-3.133604 0.6479756 -3.049666
-3.141045 0.6485269 -3.044475
-3.154616 0.6501884 -3.034892
-3.161147 0.6511774 -3.03064
-3.167368 0.6520202 -3.02595
-3.173655 0.6525738 -3.022013
-3.179818 0.6528549 -3.017464
-3.192237 0.6518462 -3.009047
-3.198702 0.6506763 -3.00546
-3.205144 0.6488112 -3.000727
-3.211731 0.64687 -2.997014
-3.218426 0.644957 -2.992293
-3.225656 0.6430187 -2.988458
-3.241022 0.6390608 -2.9795
-3.248808 0.6367252 -2.973891
-3.256936 0.634165 -2.96925
-3.26475 0.6316335 -2.963608
-3.273344 0.6290833 -2.958749
-3.291871 0.6248245 -2.947949
-3.301035 0.6224976 -2.941307
-3.311864 0.6203435 -2.935719
-3.321775 0.6181411 -2.928646
-3.344108 0.6144653 -2.915404
-3.354887 0.6125554 -2.908955
-3.365467 0.6108922 -2.901209
-3.380842 0.6169645 -2.909076
-3.392305 0.6164289 -2.901391
-3.418646 0.6201234 -2.889526
-3.432241 0.6205963 -2.882513
-3.444687 0.6212929 -2.875239
-3.458686 0.6224038 -2.868785
-3.472132 0.6244314 -2.862167
-3.497815 0.6286039 -2.84865
-3.51095 0.6318796 -2.842085
-3.522358 0.6348743 -2.835158
-3.533656 0.6373621 -2.828431
-3.5436 0.6392038 -2.821265
-3.562336 0.6406541 -2.80698
-3.571801 0.6410596 -2.799957
-3.580251 0.641488 -2.792652
-3.588981 0.6422144 -2.785445
-3.597043 0.6428642 -2.777794
-3.613164 0.6449198 -2.762191
-3.621261 0.6462007 -2.754322
-3.628348 0.6472493 -2.746275
-3.636461 0.6485449 -2.73841
-3.64352 0.6495187 -2.730534
-3.65919 0.6508634 -2.714878
-3.667551 0.650975 -2.707171
-3.675194 0.6504401 -2.699322
-3.683963 0.6496148 -2.691205
-3.691925 0.6482155 -2.682905
-3.709229 0.6445329 -2.665422
-3.718423 0.6422507 -2.656307
-3.726737 0.6397049 -2.64694
-3.736219 0.6372344 -2.637414
-3.744874 0.6346385 -2.62773
-3.763124 0.6292423 -2.607868
-3.772755 0.6264561 -2.597699
-3.781224 0.6237779 -2.587455
-3.790869 0.6213405 -2.576924
-3.799343 0.6191272 -2.566027
-3.817061 0.6151925 -2.543321
-3.82658 0.6135437 -2.531575
-3.834853 0.6121954 -2.5195
-3.844628 0.6110201 -2.507243
-3.853014 0.610471 -2.494791
-3.873571 0.6120416 -2.470143
-3.883636 0.6142791 -2.458065
-3.892966 0.6168988 -2.445457
-3.903214 0.6200429 -2.432966
-3.912294 0.6242262 -2.420811
-3.929989 0.6319458 -2.399024
-3.937626 0.6350971 -2.390164
-3.944982 0.6371766 -2.38158
-3.950753 0.6382954 -2.374959
-3.957052 0.6386811 -2.367588
-3.968619 0.6385888 -2.35396
-3.973955 0.6386402 -2.347946
-3.979397 0.6393095 -2.341959
-3.983307 0.6414742 -2.337517
-3.988786 0.6434703 -2.331876
-4.000255 0.6473785 -2.322273
-4.007783 0.6491787 -2.318582
-4.013548 0.6502656 -2.314723
-4.019309 0.6509328 -2.312001
-4.025378 0.6508411 -2.308442
-4.038338 0.6490707 -2.301834
-4.04773 0.6482757 -2.299741
-4.055241 0.6471128 -2.29695
-4.063807 0.6459229 -2.295381
-4.071603 0.6452914 -2.294624
-4.091863 0.6436012 -2.292175
-4.101009 0.6426578 -2.291203
-4.108873 0.6418643 -2.292243
-4.117568 0.6402065 -2.292087
-4.125954 0.6383108 -2.293815
-4.142804 0.6320389 -2.297028
-4.151068 0.6286662 -2.298783
-4.159586 0.6246919 -2.301648
-4.16885 0.6214045 -2.304215
-4.179768 0.6179506 -2.30818
-4.203034 0.6115052 -2.314861
-4.214136 0.6087029 -2.31814
-4.224126 0.605769 -2.322363
-4.235799 0.6031879 -2.32621
-4.248826 0.6011212 -2.331716
-4.276011 0.5982954 -2.342117
-4.289185 0.5980663 -2.347702
-4.30138 0.5990843 -2.353892
-4.314047 0.5992209 -2.35935
-4.328516 0.6003828 -2.365889
-4.356095 0.6035179 -2.375507
-4.367433 0.60431 -2.379081
-4.377398 0.6055359 -2.382341
-4.387635 0.6060759 -2.38505
-4.393625 0.6081785 -2.39423
-4.412801 0.6080786 -2.398934
-4.421405 0.6080774 -2.400882
-4.431994 0.6101773 -2.403827
-4.440361 0.6105304 -2.405451
-4.450385 0.6106474 -2.406931
-4.469003 0.6122473 -2.409686
-4.477607 0.6136656 -2.410889
-4.488661 0.6154542 -2.411951
-4.497587 0.6166101 -2.412859
-4.508651 0.6174989 -2.413465
-4.529001 0.6188889 -2.41494
-4.538248 0.6192174 -2.415669
-4.549342 0.6191825 -2.416292
-4.558771 0.6190196 -2.416976
-4.570077 0.6185598 -2.417517
-4.591373 0.6173621 -2.41864
-4.60143 0.6166325 -2.419041
-4.612861 0.6156958 -2.419117
-4.623573 0.6149254 -2.419309
-4.635996 0.6140742 -2.419568
-4.659995 0.6126676 -2.419695
-4.671763 0.6121135 -2.419483
-4.684801 0.6114296 -2.418893
-4.696532 0.6107962 -2.418006
-4.708757 0.6103206 -2.416897
-4.733359 0.6095607 -2.413557
-4.74567 0.6092836 -2.411425
-4.759038 0.6094134 -2.409202
-4.772462 0.6102189 -2.40731
-4.786496 0.611674 -2.405096
-4.813483 0.6147109 -2.399319
-4.826648 0.6172463 -2.396775
-4.840429 0.6205825 -2.39459
-4.852399 0.6246782 -2.392851
-4.864792 0.6296973 -2.391461
-4.885071 0.6403247 -2.388427
-4.892996 0.645698 -2.386982
-4.901095 0.651011 -2.385885
-4.907495 0.6560804 -2.38546
-4.914914 0.6612921 -2.385816
-4.927297 0.6704772 -2.386698
-4.931908 0.6738951 -2.386961
-4.937123 0.6770033 -2.387102
-4.941103 0.6792611 -2.387327
-4.946503 0.6813734 -2.388393
-4.955899 0.6843994 -2.390072
-4.960366 0.6859326 -2.390664
-4.966547 0.6874182 -2.391513
-4.971886 0.6886532 -2.392623
-4.97844 0.6902674 -2.394416
-4.990217 0.6942359 -2.397441
-4.995634 0.6964024 -2.398746
-5.00261 0.6987045 -2.400648
-5.008317 0.7014227 -2.401881
-5.015313 0.7040852 -2.403708
-5.027625 0.7074133 -2.405895
-5.032433 0.7086228 -2.406904
-5.038202 0.7080332 -2.408455
-5.042697 0.7063766 -2.409907
-5.047992 0.7094887 -2.411568
-5.059739 0.7079574 -2.415936
-5.065744 0.707978 -2.41853
-5.072225 0.7073587 -2.420911
-5.078318 0.706509 -2.423335
-5.085016 0.7052791 -2.425416
-5.098805 0.7042443 -2.42881
-5.106562 0.7045997 -2.430473
-5.113669 0.7054158 -2.431915
-5.121609 0.7057855 -2.433084
-5.138187 0.7074326 -2.435679
-5.146312 0.7088274 -2.437692
-5.154783 0.709626 -2.439532
-5.162848 0.7103781 -2.440834
-5.17184 0.7114885 -2.441607
-5.180202 0.7132345 -2.442121
-5.197308 0.7180947 -2.443449
-5.206001 0.7204899 -2.443874
-5.213848 0.7221121 -2.444052
-5.222072 0.7228835 -2.443909
-5.229004 0.7229066 -2.443954
-5.241802 0.7214005 -2.444906
-5.247987 0.7207827 -2.445958
-5.253189 0.720565 -2.4477
-5.259922 0.7205709 -2.44931
-5.265029 0.7206178 -2.451378
-5.276649 0.7202255 -2.455743
-5.28303 0.7196175 -2.458311
-5.287982 0.7196472 -2.461522
-5.294643 0.7193323 -2.463569
-5.299788 0.7195327 -2.467084
-5.31135 0.7197447 -2.473702
-5.31739 0.7197816 -2.476809
-5.322359 0.7202342 -2.479379
-5.327771 0.7201973 -2.481747
-5.337273 0.7218777 -2.485154
-5.341415 0.7227389 -2.486211
-5.345712 0.7228283 -2.487146
-5.34938 0.7234516 -2.487681
-5.353314 0.7235882 -2.488286
-5.360682 0.7239996 -2.489032
-5.363865 0.7240223 -2.489008
-5.367043 0.7233011 -2.489197
-5.369869 0.723237 -2.488966
-5.37287 0.7225744 -2.488971
-5.378502 0.7223954 -2.488212
-5.381129 0.7225718 -2.487463
-5.383771 0.722183 -2.48687
-5.386115 0.7222371 -2.485978
-5.388411 0.7219279 -2.48544
-5.392293 0.7216129 -2.484077
-5.393886 0.7215718 -2.483266
-5.395582 0.7212371 -2.482857
-5.397283 0.721517 -2.482138
-5.399254 0.7214785 -2.481589
-5.403226 0.72206 -2.480171
-5.405311 0.7229655 -2.479427
-5.407274 0.7234179 -2.478781
-5.408893 0.7241718 -2.477886
-5.410655 0.7246407 -2.477191
-5.413829 0.7256235 -2.475873
-5.415223 0.7260313 -2.475432
-5.416944 0.7258991 -2.47531
-5.418407 0.7258441 -2.475197
-5.420041 0.7253892 -2.475406
-5.423197 0.7247757 -2.475701
-5.42469 0.7246981 -2.475828
-5.426415 0.7244282 -2.476088
-5.4278 0.7244185 -2.476271
-5.429416 0.7241298 -2.476576
-5.432302 0.7243567 -2.476997
-5.433595 0.7246606 -2.477073
-5.435112 0.7245232 -2.477159
-5.436099 0.7243319 -2.477045
-5.437449 0.7238525 -2.477105
-5.439812 0.7234731 -2.47739
-5.440741 0.7235565 -2.477498
-5.442215 0.7234414 -2.477812
-5.443213 0.72361 -2.478079
-5.444745 0.7236946 -2.478611
-5.447191 0.7240678 -2.479276
-5.448011 0.7242665 -2.47949
-5.449266 0.7242121 -2.479945
-5.449951 0.7243568 -2.480299
-5.451284 0.7245051 -2.480946
-5.45364 0.7250136 -2.482159
-5.454499 0.7251348 -2.482761
-5.455819 0.7249606 -2.483623
-5.456586 0.7250012 -2.484301
-5.45787 0.7248681 -2.485176
-5.459927 0.72488 -2.486656
-5.460621 0.7249108 -2.487244
-5.46188 0.7246976 -2.487997
-5.462594 0.7246783 -2.488578
-5.463921 0.7244911 -2.489433
-5.466013 0.7244318 -2.490806
-5.467322 0.7242766 -2.491532
-5.467937 0.7242149 -2.492057
-5.469059 0.7238662 -2.492913
-5.469628 0.7237018 -2.49344
-5.47121 0.7232338 -2.494728
-5.472173 0.7229013 -2.495456
-5.472505 0.7227861 -2.495989
-5.473263 0.7224001 -2.496792
-5.473418 0.7223369 -2.497405
-5.474436 0.7225512 -2.49882
-5.475234 0.7227679 -2.499593
-5.47535 0.7230952 -2.50013
-5.475916 0.7231354 -2.500921
-5.475877 0.7234479 -2.501285
-5.47632 0.7238715 -2.501996
-5.47682 0.7239457 -2.502316
-5.476692 0.7241515 -2.502404
-5.477132 0.7240536 -2.50263
-5.47691 0.724076 -2.502512
-5.477138 0.7239956 -2.502548
-5.477513 0.723918 -2.502585
-5.477325 0.7239595 -2.502254
-5.477727 0.7238407 -2.502061
-5.477592 0.7239417 -2.501581
-5.478078 0.724299 -2.500714
-5.478733 0.7244307 -2.500211
-5.478768 0.7246985 -2.499421
-5.479455 0.7248143 -2.498746
-5.479474 0.7250501 -2.497798
-5.480118 0.7251648 -2.495638
-5.480619 0.7250841 -2.494501
-5.480613 0.7252398 -2.493248
-5.481169 0.7252796 -2.492237
-5.481257 0.7256786 -2.49107
-5.482239 0.7264841 -2.488469
-5.48337 0.7263068 -2.48687
-5.483854 0.7266249 -2.484872
-5.484523 0.7268641 -2.483126
-5.484399 0.7270027 -2.481854
-5.484704 0.727075 -2.480116
-5.485255 0.7270291 -2.479687
-5.485243 0.7270878 -2.47947
-5.485947 0.7271242 -2.479542
-5.486182 0.7273275 -2.479463
-5.487529 0.7271117 -2.479625
-5.488036 0.7267311 -2.480195
-5.487799 0.7269149 -2.481227
-5.488708 0.7270959 -2.482099
-5.489508 0.7273548 -2.48208
-5.492517 0.728292 -2.482319
-5.494021 0.7288401 -2.482461
-5.494719 0.7293456 -2.48252
-5.495976 0.7293407 -2.482651
-5.496564 0.7293802 -2.482518
-5.497152 0.7280957 -2.482108
-5.497046 0.7268595 -2.481521
-5.497096 0.7255374 -2.480864
-5.497711 0.7245164 -2.480938
-5.497735 0.7244179 -2.480647
-5.498499 0.7244403 -2.479994
-5.499055 0.7244048 -2.479643
-5.498875 0.7245027 -2.479188
-5.499179 0.7242468 -2.478908
-5.498847 0.7240036 -2.478392
-5.498573 0.7237181 -2.477523
-5.498557 0.7234187 -2.477115
-5.498116 0.7231534 -2.476475
-5.497838 0.7228554 -2.475823
-5.497384 0.7225384 -2.475061
-5.497122 0.7221472 -2.47373
-5.497118 0.722241 -2.473283
-5.496973 0.72227 -2.472826
-5.496869 0.7223535 -2.47221
-5.496517 0.7223499 -2.471685
-5.496257 0.7227361 -2.470835
-5.496423 0.7230786 -2.470453
-5.49632 0.7233092 -2.470145
-5.496298 0.7235968 -2.469844
-5.49612 0.7237926 -2.46953
-5.496014 0.7242653 -2.468595
-5.496075 0.7244701 -2.467994
-5.49601 0.724551 -2.467304
-5.49618 0.7246772 -2.466627
-5.496098 0.7247286 -2.46592
-5.495974 0.7245909 -2.46458
-5.495898 0.7244256 -2.464026
-5.495593 0.7241698 -2.46337
-5.495601 0.7239968 -2.462831
-5.495325 0.7238227 -2.462016
-5.495294 0.7238847 -2.461689
-5.494982 0.723916 -2.461453
-5.495056 0.7240918 -2.461087
-5.494796 0.724133 -2.460681
-5.494743 0.7241545 -2.460276
-5.494297 0.7241481 -2.459457
-5.493906 0.7241287 -2.459032
-5.493708 0.7241496 -2.4586
-5.493291 0.724215 -2.458203
-5.493155 0.7243813 -2.45782
-5.492643 0.7248278 -2.457085
-5.49206 0.7249805 -2.456756
-5.491676 0.7250707 -2.456557
-5.491066 0.7251707 -2.456329
-5.490973 0.7253853 -2.456091
-5.490371 0.7258223 -2.455341
-5.489855 0.7258132 -2.454982
-5.489572 0.7257462 -2.454629
-5.489083 0.7256199 -2.454194
-5.488978 0.7255614 -2.453829
-5.488362 0.725385 -2.453305
-5.487936 0.7252952 -2.453008
-5.487804 0.7252977 -2.45286
-5.48736 0.7253498 -2.452733
-5.487268 0.7255154 -2.452623
-5.486959 0.7259073 -2.452308
-5.486598 0.7259723 -2.452096
-5.486645 0.7260418 -2.45186
-5.486236 0.7260807 -2.451488
-5.486126 0.72608 -2.451199
-5.485642 0.7260867 -2.450636
-5.485242 0.7261223 -2.450378
-5.485121 0.7261204 -2.45016
-5.484742 0.7261758 -2.449939
-5.484688 0.7261738 -2.449748
-5.484449 0.7263603 -2.449325
-5.484181 0.7265123 -2.449074
-5.48434 0.7266532 -2.448901
-5.484091 0.7267356 -2.448701
-5.484156 0.7267603 -2.448604
