0.5714756 -0.04814855 -0.9034004
0.5710422 -0.04772215 -0.9050509
0.5708641 -0.04755136 -0.9057496
0.5703324 -0.04702177 -0.907253
0.5701538 -0.04689498 -0.9080497
0.5698502 -0.04682235 -0.9089639
0.5692278 -0.04616801 -0.9108471
0.5689254 -0.0457637 -0.9118751
0.5685042 -0.04552025 -0.9128572
0.5680882 -0.04530522 -0.9138532
0.567486 -0.04623729 -0.913723
0.5662496 -0.04607564 -0.9151427
0.5656852 -0.04586643 -0.9161557
0.5654166 -0.04652637 -0.9164104
0.5647659 -0.04651428 -0.9175212
0.5640489 -0.04634499 -0.9188702
0.5625457 -0.04572334 -0.9220717
0.5618524 -0.04548811 -0.9238726
0.5616719 -0.04428437 -0.9293466
0.5612091 -0.04436621 -0.9317278
0.5607073 -0.04163887 -0.9340776
0.5589913 -0.04205039 -0.9400045
0.5578531 -0.04226731 -0.9434
0.5564635 -0.04262099 -0.9469936
0.554728 -0.0430348 -0.9509915
0.5525002 -0.04348055 -0.955012
0.5470634 -0.04465426 -0.9638324
0.5439029 -0.04522748 -0.9686466
0.5404489 -0.0461048 -0.9734362
0.5369633 -0.04734702 -0.9786197
0.533114 -0.04926107 -0.9836788
0.5255032 -0.05655925 -0.9945433
0.522004 -0.06117823 -1.000671
0.518583 -0.06429481 -1.006968
0.5158669 -0.06505516 -1.013765
0.5135758 -0.06476687 -1.020613
0.5103058 -0.06488578 -1.035394
0.5090066 -0.06424525 -1.043231
0.5077209 -0.06295765 -1.051164
0.5069969 -0.06124736 -1.059713
0.5059468 -0.06042534 -1.068398
0.5044902 -0.06138294 -1.087179
0.5041908 -0.0621549 -1.097225
0.5038334 -0.06331871 -1.107569
0.504038 -0.06479686 -1.118455
0.5042318 -0.06666387 -1.129631
0.5057954 -0.07149002 -1.152532
0.5070424 -0.07452226 -1.164235
0.5081829 -0.07750212 -1.17642
0.5097877 -0.07975832 -1.18933
0.511663 -0.08202559 -1.202266
0.516068 -0.0877406 -1.22942
0.5190201 -0.09104749 -1.244289
0.5216357 -0.09355411 -1.258315
0.524565 -0.09535252 -1.27392
0.5277449 -0.09611139 -1.28971
0.5354072 -0.09424679 -1.323397
0.5402254 -0.09261619 -1.341256
0.5455335 -0.09074935 -1.358656
0.5512552 -0.08852121 -1.377103
0.5635102 -0.08198772 -1.414262
0.5697732 -0.07586061 -1.433103
0.5757488 -0.06886934 -1.452034
0.5812457 -0.0654105 -1.471311
0.586536 -0.06441326 -1.490534
0.5914778 -0.06507942 -1.507948
0.599969 -0.06368025 -1.543716
0.6033435 -0.06039219 -1.562828
0.6058781 -0.05742542 -1.580396
0.6082654 -0.05442855 -1.59954
0.6116248 -0.04939089 -1.635697
0.6123995 -0.04693345 -1.65333
0.6128642 -0.04516784 -1.671558
0.6128621 -0.043498 -1.689152
0.6132745 -0.04137659 -1.709946
0.6127335 -0.0393136 -1.748495
0.6125239 -0.04033152 -1.766845
0.6122028 -0.04160523 -1.788864
0.61212 -0.0436991 -1.807988
0.612118 -0.04591592 -1.82945
0.6115282 -0.05206829 -1.871429
0.611239 -0.05632067 -1.892061
0.610504 -0.06182144 -1.916184
0.6100114 -0.0674967 -1.937478
0.6090927 -0.07283615 -1.96049
0.6073348 -0.08224959 -2.006114
0.6062584 -0.08548203 -2.028755
0.604471 -0.08708773 -2.053266
0.6022441 -0.08735218 -2.076731
0.5994311 -0.08746886 -2.101637
0.5932394 -0.08743431 -2.15098
0.5901262 -0.08614758 -2.17567
0.5870128 -0.07970291 -2.201173
0.5840189 -0.07132117 -2.22399
0.5812653 -0.06727546 -2.249489
0.5776178 -0.06654237 -2.296031
0.5770461 -0.06337157 -2.318282
0.5767258 -0.05836454 -2.340629
0.5770242 -0.05415103 -2.362103
0.5773358 -0.05131163 -2.383854
0.5780656 -0.04727922 -2.404728
0.5797477 -0.03643313 -2.44758
0.5807323 -0.03216542 -2.469228
0.5823067 -0.02923054 -2.490214
0.5841069 -0.02726285 -2.511614
0.5884092 -0.02762949 -2.554463
0.590587 -0.02950615 -2.575886
0.592549 -0.03137374 -2.598448
0.5947715 -0.03390468 -2.620587
0.5971783 -0.03697339 -2.643661
0.6025218 -0.04579355 -2.690668
0.6053807 -0.05087249 -2.714432
0.6080518 -0.05629811 -2.738884
0.6109941 -0.06206518 -2.763096
0.6143597 -0.06810915 -2.788241
0.62239 -0.07691875 -2.838543
0.6267529 -0.07905583 -2.864043
0.6314285 -0.08068314 -2.890528
0.6362691 -0.08120883 -2.916648
0.641312 -0.08188577 -2.943574
0.6505863 -0.0702384 -2.996343
0.6543028 -0.06160021 -3.022271
0.6578383 -0.05889019 -3.048788
0.6603179 -0.06013748 -3.072539
0.6620561 -0.0615813 -3.095921
0.6638582 -0.05164522 -3.140906
0.6640643 -0.04525311 -3.162942
0.6645362 -0.04063892 -3.185068
0.6647629 -0.03607029 -3.206634
0.6654223 -0.03163832 -3.227937
0.6664059 -0.02548863 -3.270506
0.6666435 -0.02408667 -3.291878
0.6672342 -0.02337126 -3.312889
0.6677032 -0.02364673 -3.334691
0.6684253 -0.02442335 -3.356298
0.6695197 -0.02820991 -3.402204
0.6699784 -0.03134611 -3.425925
0.6701202 -0.03459933 -3.44966
0.6703195 -0.039294 -3.47414
0.6701801 -0.04413348 -3.498641
0.6697597 -0.05621311 -3.548748
0.6692497 -0.06262344 -3.574331
0.6686196 -0.06844288 -3.600269
0.666832 -0.07380861 -3.626419
0.6650766 -0.07748604 -3.65258
0.6591642 -0.08264402 -3.705909
0.6553583 -0.08485994 -3.730861
0.652068 -0.08732525 -3.757292
0.648685 -0.08781065 -3.782058
0.6463246 -0.07930459 -3.806352
0.6389393 -0.07156777 -3.859945
0.637035 -0.07318136 -3.884373
0.6373829 -0.07252797 -3.907641
0.6374744 -0.0667527 -3.929207
0.638284 -0.05946665 -3.951776
0.6401103 -0.05052742 -3.994398
0.6412434 -0.04535718 -4.0158
0.6424645 -0.03964137 -4.037743
0.6436565 -0.03468275 -4.059596
0.6450683 -0.03178528 -4.081879
0.6481146 -0.03028259 -4.125355
0.65106 -0.02988991 -4.147797
0.6532341 -0.0314268 -4.170815
0.6554375 -0.03339368 -4.19363
0.6577202 -0.03596582 -4.217537
0.6629423 -0.04329371 -4.267155
0.6662396 -0.0475578 -4.292602
0.6699307 -0.05257797 -4.317686
0.6738963 -0.05829787 -4.343235
0.6783496 -0.06456301 -4.368687
0.6878174 -0.07573217 -4.420024
0.6928908 -0.07992563 -4.44662
0.698031 -0.08276576 -4.472882
0.7033657 -0.08555165 -4.499285
0.7086287 -0.08740637 -4.525846
0.7190016 -0.08621751 -4.579405
0.7232484 -0.07644004 -4.603498
0.7270635 -0.070916 -4.630493
0.7305707 -0.0713273 -4.655539
0.7330053 -0.07308882 -4.680442
0.7358888 -0.06927696 -4.726618
0.7363998 -0.0652582 -4.74936
0.7360911 -0.06183493 -4.772284
0.7360704 -0.05736691 -4.793975
0.7360128 -0.05111858 -4.816341
0.7362144 -0.04175222 -4.860335
0.7364331 -0.03945617 -4.881237
0.7366362 -0.03846687 -4.902833
0.7368805 -0.03845894 -4.923867
0.7371213 -0.03915812 -4.945963
0.7374222 -0.04219574 -4.991838
0.7378426 -0.04477772 -5.015083
0.7380139 -0.04827708 -5.039263
0.7377391 -0.0523383 -5.062028
0.7375805 -0.05756724 -5.086933
0.7357914 -0.06882134 -5.136605
0.7342849 -0.07516289 -5.162573
0.7337115 -0.08164918 -5.188414
0.7322545 -0.08762953 -5.214205
0.7309895 -0.09258893 -5.240353
0.7256001 -0.09760827 -5.293124
0.7215442 -0.09905863 -5.31947
0.7178758 -0.1002149 -5.346661
0.7139281 -0.09623113 -5.373549
0.7102745 -0.08376801 -5.399181
0.7037164 -0.07442379 -5.448113
0.7017624 -0.07795745 -5.472071
0.7015619 -0.08132744 -5.496219
0.7018707 -0.0804987 -5.517478
0.7019256 -0.06803909 -5.554873
0.7025321 -0.06273434 -5.577419
0.70255 -0.05693097 -5.596225
0.7029817 -0.05041021 -5.618551
0.7022611 -0.04527438 -5.638331
0.7032101 -0.04203704 -5.660535
0.7045851 -0.03966418 -5.70365
0.705488 -0.03975859 -5.724939
0.7064284 -0.04057997 -5.747484
0.7069017 -0.04172423 -5.769552
0.7079298 -0.04342449 -5.79309
0.7104498 -0.04880872 -5.840751
0.7121861 -0.05315217 -5.865694
0.7140665 -0.05845377 -5.890661
0.7166784 -0.06353569 -5.915717
0.7223833 -0.07531011 -5.967337
0.7253203 -0.08120394 -5.993602
0.7287103 -0.08535445 -6.020538
0.7320988 -0.08747309 -6.047412
0.7363205 -0.08897868 -6.075418
0.740519 -0.09065586 -6.102579
0.7500012 -0.09448636 -6.158925
0.7540327 -0.08641225 -6.185122
0.7581409 -0.07823968 -6.212494
0.7612129 -0.07751226 -6.239849
0.7636536 -0.0820573 -6.265798
0.7645305 -0.08438537 -6.312501
0.7632795 -0.07677948 -6.335207
0.7624433 -0.06922838 -6.358115
0.7611611 -0.06317469 -6.380292
0.7599717 -0.04783532 -6.424908
0.7601038 -0.04202393 -6.447112
0.7600691 -0.03822175 -6.468519
0.7605602 -0.03575873 -6.48953
0.7607982 -0.0346579 -6.510645
0.761619 -0.03397354 -6.531837
0.7624558 -0.03554744 -6.576494
0.7627007 -0.03817019 -6.599857
0.7631276 -0.04112816 -6.623445
0.7631065 -0.04468939 -6.647622
0.7629842 -0.04910502 -6.671645
0.7616963 -0.06209075 -6.720169
0.7605498 -0.06966221 -6.745213
0.7587722 -0.07697645 -6.769303
0.7566075 -0.08276796 -6.79456
0.7511355 -0.08871841 -6.845979
0.7472286 -0.08992225 -6.872644
0.74255 -0.09096599 -6.899019
0.7377663 -0.09381741 -6.924636
0.7331367 -0.09291756 -6.951577
0.7248582 -0.07245028 -7.00469
0.7214137 -0.06994063 -7.03148
0.718615 -0.07156044 -7.056725
0.7165588 -0.07402468 -7.081452
0.716604 -0.07197657 -7.105146
0.7159087 -0.06374174 -7.152995
0.7157006 -0.05969942 -7.175771
0.7164955 -0.05530015 -7.198844
0.7174251 -0.04843417 -7.217782
0.7179953 -0.04455146 -7.240891
0.7198189 -0.04112956 -7.285378
0.72121 -0.0407393 -7.307919
0.7221744 -0.04167321 -7.331167
0.7233136 -0.04100493 -7.352408
0.7241576 -0.04220864 -7.376504
0.7260404 -0.04178023 -7.395448
0.7280591 -0.04819101 -7.444867
0.7294049 -0.05252492 -7.469749
0.7312624 -0.05792227 -7.494637
0.733353 -0.06416225 -7.520134
0.7390581 -0.07469997 -7.570585
0.7429602 -0.07954651 -7.596114
0.7465563 -0.08323359 -7.622122
0.7512254 -0.08597934 -7.647819
0.7553186 -0.08789024 -7.674213
0.7636942 -0.09214669 -7.72701
0.7681794 -0.09126595 -7.754375
0.7710645 -0.08111992 -7.778803
0.774933 -0.077039 -7.80471
0.7770925 -0.0789423 -7.830596
0.7794058 -0.077941 -7.879809
0.7796329 -0.07245764 -7.903302
0.7787567 -0.06851968 -7.926442
0.778275 -0.06616852 -7.94908
0.7770612 -0.06195167 -7.971493
0.7764325 -0.05264077 -8.016016
0.7766539 -0.05015653 -8.038502
0.7762386 -0.048869 -8.060728
0.7760634 -0.04869345 -8.082718
0.7757121 -0.0498437 -8.105103
0.7752195 -0.0542997 -8.150375
0.7751141 -0.05688873 -8.174078
0.7744432 -0.06030537 -8.19803
0.77386 -0.063565 -8.22223
0.773083 -0.06807634 -8.24695
0.771319 -0.07807684 -8.296903
0.771027 -0.08377445 -8.322438
0.7694046 -0.08926812 -8.348455
0.7679331 -0.09381655 -8.373978
0.7655377 -0.09700724 -8.400574
0.7603128 -0.1020404 -8.454046
0.7580996 -0.1047911 -8.480752
0.7546934 -0.1084068 -8.507506
0.7523645 -0.1112203 -8.535522
0.7494414 -0.1035231 -8.561867
0.7442051 -0.0952557 -8.614267
0.7420022 -0.09884751 -8.641947
0.7418679 -0.09885663 -8.66702
0.7419636 -0.09368706 -8.693048
0.7421506 -0.08699271 -8.717493
0.7411538 -0.07786226 -8.760952
0.7418774 -0.07160509 -8.78264
0.7430449 -0.06586109 -8.804982
0.7440394 -0.06152378 -8.827805
0.7451598 -0.05784348 -8.849794
0.7472223 -0.05387264 -8.894712
0.7480108 -0.05413228 -8.917725
0.7496414 -0.05471215 -8.941742
0.7503097 -0.05617979 -8.965956
0.751864 -0.05772156 -8.990559
0.7551811 -0.06491831 -9.041225
0.7572664 -0.07018676 -9.067199
0.7609354 -0.07522884 -9.093189
0.7638544 -0.08088636 -9.119511
0.7677187 -0.08693382 -9.146299
0.7760075 -0.09875455 -9.199923
0.7802998 -0.1023773 -9.226488
0.7858135 -0.1052653 -9.25387
0.7905934 -0.1068409 -9.281159
0.796178 -0.1091231 -9.30915
0.8065177 -0.1077951 -9.364767
0.810289 -0.09716266 -9.38969
0.8145972 -0.09554297 -9.417532
0.8174098 -0.09850776 -9.443717
0.8201118 -0.1019131 -9.46892
0.8213779 -0.09469107 -9.516507
0.8206794 -0.09023374 -9.539366
0.8209433 -0.08649743 -9.561986
0.8200645 -0.07963821 -9.58423
0.8204229 -0.07275304 -9.606798
0.8216708 -0.06340903 -9.651715
0.8219695 -0.06052861 -9.673439
0.8231103 -0.05855104 -9.695366
0.8235209 -0.05775809 -9.717392
0.8260478 -0.05459177 -9.73625
0.8288906 -0.05536947 -9.779616
0.8292892 -0.05855861 -9.803678
0.8300842 -0.0625504 -9.828627
0.830072 -0.06690115 -9.85367
0.8300247 -0.07198292 -9.879446
0.8288033 -0.08374524 -9.931173
0.8273388 -0.09049201 -9.95738
0.825525 -0.09734786 -9.983421
0.8232253 -0.1021076 -10.00966
0.8205137 -0.1061308 -10.03599
0.8125343 -0.1105802 -10.08929
0.8075124 -0.1124632 -10.11586
0.8029505 -0.1167806 -10.14344
0.7984905 -0.1113494 -10.17072
0.7957006 -0.1011403 -10.19818
0.7912093 -0.1017287 -10.25058
0.7906955 -0.1049817 -10.27542
0.7915472 -0.1039029 -10.29904
0.7925421 -0.09774566 -10.3231
0.7940676 -0.09220076 -10.34612
0.8014597 -0.08250961 -10.38744
0.8039882 -0.0755841 -10.40985
0.8063661 -0.07020216 -10.43167
0.8090488 -0.06610702 -10.45422
0.8114568 -0.06314453 -10.47546
0.8172039 -0.06101677 -10.52041
0.8196365 -0.06227221 -10.54341
0.8233382 -0.06401159 -10.56643
0.8256471 -0.06644699 -10.59065
0.8292248 -0.06852859 -10.61433
0.8354634 -0.07623351 -10.66387
0.8383638 -0.08155057 -10.68969
0.8428725 -0.08698773 -10.71406
0.8462359 -0.09255496 -10.73989
0.8509751 -0.09882548 -10.76406
0.8603059 -0.1085271 -10.81405
0.8645919 -0.1109022 -10.83993
0.8703192 -0.1137034 -10.86405
0.8755959 -0.115719 -10.88994
0.8815146 -0.1175358 -10.91509
0.8914098 -0.1033074 -10.96457
0.8957369 -0.09952885 -10.99008
0.90046 -0.1033995 -11.01344
0.9034152 -0.1066077 -11.03703
0.9059967 -0.1030706 -11.05868
0.910271 -0.09174439 -11.10305
0.9115503 -0.08859572 -11.12529
0.9137059 -0.08236188 -11.14619
0.9150969 -0.0760783 -11.16829
0.9179215 -0.07138479 -11.18984
0.9227423 -0.06549975 -11.23159
0.9247981 -0.06440771 -11.25255
0.9279453 -0.06395434 -11.27252
0.9300763 -0.06470792 -11.29394
0.9332914 -0.06566206 -11.31521
0.9388708 -0.07067084 -11.35961
0.9430848 -0.07270959 -11.38119
0.9454069 -0.07698333 -11.40488
0.9483699 -0.08028811 -11.42848
0.9504492 -0.08463961 -11.4529
0.9547578 -0.09393173 -11.50248
0.9564 -0.098701 -11.52714
0.9573769 -0.1024497 -11.55245
0.9581375 -0.1051804 -11.5772
0.9579967 -0.1075273 -11.60289
0.9578211 -0.1130702 -11.65372
0.9586822 -0.1142629 -11.67951
0.959163 -0.1055892 -11.70413
0.9601458 -0.09721369 -11.72744
0.9640819 -0.09828889 -11.77631
0.9674799 -0.09555089 -11.79954
0.972629 -0.08967584 -11.82289
0.9773272 -0.08327317 -11.84522
0.9829832 -0.07914323 -11.86765
0.993921 -0.06957954 -11.91053
0.9992442 -0.06541419 -11.93146
1.005677 -0.06178787 -11.95352
1.011612 -0.05880058 -11.97448
1.01856 -0.05644491 -11.99634
1.024482 -0.05608764 -12.01734
1.037701 -0.05779049 -12.06085
1.045338 -0.05927098 -12.08339
1.052098 -0.06137961 -12.10569
1.060324 -0.06424308 -12.12815
1.067685 -0.06881517 -12.1507
1.084522 -0.08080012 -12.19591
1.093836 -0.08732802 -12.2186
1.102478 -0.09303176 -12.24121
1.114521 -0.09927711 -12.26248
1.135968 -0.1061363 -12.30775
1.146927 -0.1064811 -12.331
1.15892 -0.1069914 -12.35311
1.170452 -0.1085443 -12.37607
1.182644 -0.1081719 -12.39913
1.193864 -0.09958738 -12.42152
1.215764 -0.091515 -12.46566
1.226149 -0.09537083 -12.48671
1.234859 -0.0975675 -12.50706
1.244006 -0.09522226 -12.52664
1.252058 -0.09014022 -12.54687
1.269107 -0.08181038 -12.58634
1.278485 -0.0761252 -12.60579
1.286989 -0.07113561 -12.62436
1.29691 -0.06766763 -12.64288
1.31548 -0.06307694 -12.67859
1.324532 -0.06179294 -12.69611
1.335111 -0.06115708 -12.71404
1.344683 -0.06118235 -12.73219
1.355826 -0.06262103 -12.75123
1.377392 -0.06736583 -12.79017
1.387674 -0.07069618 -12.81002
1.399513 -0.07503211 -12.83092
1.410038 -0.07967836 -12.85152
1.421088 -0.08503085 -12.87212
1.441591 -0.09734011 -12.91288
1.451612 -0.1033837 -12.93476
1.461169 -0.1081211 -12.95522
1.470509 -0.110983 -12.97778
1.482042 -0.1142284 -12.99701
1.501415 -0.121259 -13.04163
1.511239 -0.1209334 -13.06485
1.521723 -0.111462 -13.08604
1.53214 -0.105053 -13.1084
1.542919 -0.1058874 -13.12996
1.565589 -0.108026 -13.16801
1.578099 -0.1034901 -13.1857
1.591478 -0.09820366 -13.20234
1.604388 -0.09352061 -13.21883
1.618492 -0.08771536 -13.23501
1.647011 -0.07648826 -13.26672
1.660994 -0.07283849 -13.28226
1.676382 -0.07055748 -13.29799
1.690637 -0.06938782 -13.31347
1.706538 -0.06979153 -13.32985
1.738076 -0.07234687 -13.36199
1.754087 -0.07434148 -13.37799
1.771215 -0.0768677 -13.39326
1.7881 -0.08051971 -13.40893
1.806012 -0.08544958 -13.42296
1.839829 -0.09370074 -13.44555
1.858349 -0.09930953 -13.45972
1.877422 -0.1043381 -13.47099
1.897013 -0.1087887 -13.48469
1.918038 -0.1127057 -13.49657
1.961187 -0.1161979 -13.52301
1.982586 -0.1174812 -13.53585
2.004825 -0.1207943 -13.54884
2.027159 -0.1256159 -13.56174
2.04909 -0.1239492 -13.57417
2.091879 -0.113091 -13.59887
2.1126 -0.1178963 -13.61151
2.129764 -0.1215624 -13.62302
2.148099 -0.1211017 -13.63537
2.165324 -0.1159928 -13.64684
2.199709 -0.1095386 -13.66981
2.217119 -0.1048167 -13.68096
2.233425 -0.09950107 -13.69107
2.25133 -0.09555703 -13.70083
2.267592 -0.09186478 -13.70991
2.30103 -0.08731575 -13.72749
2.318027 -0.08618985 -13.73622
2.334611 -0.08538564 -13.74454
2.352814 -0.08583201 -13.7536
2.370143 -0.08699045 -13.76252
2.407387 -0.09252883 -13.7814
2.429141 -0.0973676 -13.78862
2.448008 -0.1013298 -13.79853
2.469942 -0.1067897 -13.80728
2.489579 -0.1111678 -13.81767
2.531199 -0.1203776 -13.83809
2.55279 -0.1258953 -13.8492
2.572978 -0.1289592 -13.86078
2.594395 -0.1314366 -13.87252
2.61474 -0.1331317 -13.885
2.656273 -0.1355827 -13.91129
2.677964 -0.1368416 -13.92444
2.6994 -0.1312115 -13.93719
2.719526 -0.1217476 -13.94838
2.741303 -0.1198993 -13.96013
2.762535 -0.1217904 -13.97011
2.803615 -0.1198403 -13.98666
2.824126 -0.1152461 -13.99353
2.845054 -0.1126219 -13.99874
2.864674 -0.1096847 -14.00442
2.904689 -0.1006868 -14.01502
2.925523 -0.09682262 -14.01987
2.945422 -0.09374201 -14.02504
2.966558 -0.09068825 -14.03013
2.986748 -0.08890815 -14.03492
3.028947 -0.08943479 -14.04473
3.051419 -0.09069482 -14.04993
3.073323 -0.09312017 -14.05465
3.097161 -0.09503636 -14.05991
3.120079 -0.0979661 -14.06428
3.168602 -0.1062171 -14.07338
3.193804 -0.110845 -14.07765
3.218146 -0.1160122 -14.08097
3.244005 -0.1206327 -14.08466
3.269142 -0.1234388 -14.08744
3.321534 -0.1242682 -14.09256
3.349552 -0.1244579 -14.09454
3.37478 -0.1252482 -14.09582
3.402056 -0.1258622 -14.09733
3.426851 -0.117698 -14.09802
3.477136 -0.1080694 -14.10132
3.501953 -0.1107155 -14.10444
3.523375 -0.1094861 -14.10773
3.547007 -0.1039773 -14.1125
3.567722 -0.09906459 -14.11637
3.610163 -0.09072679 -14.12495
3.632004 -0.08383559 -14.12959
3.651642 -0.078834 -14.13305
3.691494 -0.07780305 -14.14336
3.711255 -0.07616325 -14.14699
3.75478 -0.07452174 -14.15526
3.777342 -0.07423405 -14.15989
3.798033 -0.07590047 -14.16325
3.820996 -0.0740912 -14.16788
3.842901 -0.07651445 -14.17118
3.891418 -0.08046903 -14.18023
3.916932 -0.08294186 -14.18575
3.940383 -0.08704698 -14.18955
3.965729 -0.09072438 -14.19523
3.989928 -0.09620775 -14.19965
4.04041 -0.1038156 -14.21064
4.066009 -0.1043787 -14.21709
4.090473 -0.1054346 -14.2231
4.115887 -0.106841 -14.23067
4.140265 -0.1086392 -14.23758
4.190642 -0.112185 -14.25237
4.215365 -0.1030373 -14.25963
4.239244 -0.09645449 -14.26553
4.264827 -0.09802641 -14.27211
4.288123 -0.1008742 -14.27613
4.334746 -0.09231742 -14.28281
4.358045 -0.08746661 -14.28592
4.380996 -0.08323774 -14.28868
4.402321 -0.07815985 -14.28973
4.424247 -0.07232282 -14.29196
4.468014 -0.06308178 -14.29584
4.48916 -0.06010114 -14.29735
4.511906 -0.05779894 -14.30031
4.533314 -0.05718493 -14.30221
4.556046 -0.05737528 -14.30534
4.601659 -0.0597168 -14.30976
4.624595 -0.06181574 -14.31099
4.649359 -0.0645078 -14.3132
4.673056 -0.06878361 -14.31385
4.722765 -0.07771711 -14.31492
4.749774 -0.08203435 -14.31585
4.774596 -0.08665043 -14.31494
4.8016 -0.09133564 -14.31492
4.827196 -0.09443724 -14.31307
4.856036 -0.09498844 -14.3145
4.909756 -0.09741974 -14.31082
4.936204 -0.09958172 -14.30819
4.963522 -0.09525165 -14.30648
4.98779 -0.08530217 -14.30456
5.015249 -0.08280322 -14.30367
5.065131 -0.08850321 -14.30236
5.087825 -0.08692075 -14.30248
5.111788 -0.08055903 -14.30426
5.134126 -0.07558146 -14.30539
5.157818 -0.07097116 -14.30704
5.202532 -0.05702719 -14.30978
5.223855 -0.05204315 -14.31036
5.246788 -0.04803555 -14.31195
5.267542 -0.04540877 -14.31236
5.290191 -0.04309624 -14.31399
5.334009 -0.04282643 -14.31594
5.356211 -0.04432426 -14.31632
5.380509 -0.04580127 -14.3181
5.404086 -0.04824871 -14.31855
5.453415 -0.05314314 -14.32159
5.479057 -0.05691996 -14.32443
5.504161 -0.06240615 -14.32597
5.530888 -0.06889924 -14.32918
5.556833 -0.0757108 -14.33139
5.609557 -0.08492109 -14.33824
5.635732 -0.08819187 -14.34424
5.661704 -0.09189436 -14.34852
5.687819 -0.09597433 -14.35381
5.713553 -0.1001628 -14.3584
5.740091 -0.1005193 -14.36372
5.791804 -0.08334255 -14.3716
5.816596 -0.08322993 -14.37442
5.841224 -0.08649257 -14.37753
5.864745 -0.08498499 -14.37793
5.911029 -0.07125023 -14.37891
5.933597 -0.06735775 -14.37964
5.954809 -0.06341794 -14.37812
5.977124 -0.05676945 -14.37877
5.998678 -0.05150607 -14.37772
6.021473 -0.04691502 -14.37858
6.065816 -0.04127601 -14.37857
6.087681 -0.04084311 -14.3775
6.110486 -0.04100707 -14.37855
6.133067 -0.04255202 -14.37748
6.159872 -0.04121645 -14.38007
6.209112 -0.04443216 -14.38035
6.233591 -0.04800901 -14.37881
6.259197 -0.05148199 -14.3791
6.284025 -0.05660948 -14.37703
6.333205 -0.06644627 -14.37646
6.358652 -0.07104129 -14.37478
6.38382 -0.07420722 -14.37133
6.409201 -0.07585242 -14.3685
6.434659 -0.07758784 -14.36428
6.485019 -0.08166677 -14.35578
6.510502 -0.08326039 -14.35175
6.535386 -0.07725874 -14.34695
6.559318 -0.06761777 -14.34344
6.584609 -0.06732666 -14.33975
6.609907 -0.07091856 -14.33746
6.658026 -0.06263968 -14.33554
6.681444 -0.05695659 -14.3352
6.705513 -0.05310127 -14.33654
6.727945 -0.0476751 -14.33661
6.774916 -0.0368591 -14.33689
6.798773 -0.03374133 -14.33705
6.820658 -0.03185534 -14.33621
6.844191 -0.03074673 -14.33621
6.865806 -0.0311877 -14.3354
6.912632 -0.03397298 -14.33488
6.937693 -0.03539987 -14.33525
6.960983 -0.03829052 -14.33439
6.987157 -0.04143214 -14.33451
7.012659 -0.04625116 -14.33511
7.061742 -0.05659139 -14.33681
7.086689 -0.061418 -14.33721
7.114314 -0.06671557 -14.33899
7.140143 -0.07180569 -14.34015
7.168378 -0.07497492 -14.34291
7.221043 -0.0783346 -14.3501
7.24739 -0.07974267 -14.35382
7.274928 -0.08235589 -14.35943
7.30157 -0.08447069 -14.36356
7.329157 -0.07874843 -14.36881
7.380945 -0.06710863 -14.37671
7.405319 -0.06977367 -14.37855
7.430986 -0.07264692 -14.38052
7.454113 -0.06947368 -14.38031
7.478756 -0.06330377 -14.38126
7.523762 -0.05408385 -14.3802
7.545115 -0.04780804 -14.3787
7.567463 -0.04080069 -14.37891
7.589 -0.03546798 -14.37741
7.61091 -0.03119197 -14.37735
7.632278 -0.0278842 -14.37563
7.675718 -0.02466756 -14.37421
7.700135 -0.02394392 -14.37434
7.722634 -0.02493596 -14.3728
7.750014 -0.02541424 -14.37239
7.798146 -0.02983829 -14.37126
7.822489 -0.03393117 -14.36924
7.846723 -0.03891063 -14.36843
7.871443 -0.04485539 -14.3658
7.901483 -0.04918402 -14.36724
7.953342 -0.05979019 -14.36229
7.979055 -0.06233764 -14.35841
8.005451 -0.06312492 -14.35538
8.031454 -0.06458381 -14.35085
8.05785 -0.06646493 -14.347
8.083923 -0.06757435 -14.34181
8.135559 -0.04893625 -14.33328
8.162579 -0.04548982 -14.33108
8.187647 -0.04791713 -14.32784
8.211423 -0.0512124 -14.32712
8.257904 -0.04443571 -14.32704
8.280569 -0.03966743 -14.32741
8.303499 -0.03599638 -14.32935
8.325907 -0.02996914 -14.3302
8.348232 -0.02368411 -14.33238
8.392943 -0.01594089 -14.33546
8.414562 -0.01422778 -14.33617
8.436902 -0.0132678 -14.33795
8.458801 -0.01345344 -14.3383
8.482428 -0.01393965 -14.33974
8.530008 -0.01664707 -14.34163
8.554204 -0.01903132 -14.3419
8.579407 -0.02118492 -14.34317
8.604309 -0.02371863 -14.34358
8.63023 -0.0274941 -14.3457
8.682323 -0.03849518 -14.34924
8.70858 -0.04418224 -14.35092
8.734816 -0.04847431 -14.35439
8.760603 -0.05155855 -14.35712
8.786791 -0.05486101 -14.36146
8.838741 -0.06057781 -14.37045
8.864841 -0.06219286 -14.37437
8.892191 -0.05552611 -14.37894
8.916791 -0.04369187 -14.38179
8.944141 -0.04161763 -14.38569
8.993119 -0.04602355 -14.389
9.0159 -0.04189664 -14.38839
9.038357 -0.03599441 -14.38903
9.059956 -0.03176856 -14.38778
9.082132 -0.02742264 -14.38801
9.125837 -0.01263183 -14.38763
9.147615 -0.007386476 -14.38647
9.169139 -0.002492458 -14.38683
9.190691 0.000257045 -14.38565
9.214748 0.002703875 -14.3858
9.258156 0.003196359 -14.38733
9.281153 0.001328498 -14.38631
9.30423 -7.966161E-05 -14.38659
9.328074 -0.003083467 -14.38531
9.351736 -0.006802797 -14.38454
9.400604 -0.01772204 -14.38114
9.425193 -0.02292007 -14.37869
9.449922 -0.02774978 -14.37657
9.475292 -0.03352699 -14.37332
9.501548 -0.0372642 -14.3699
9.553033 -0.03919765 -14.3619
9.578806 -0.04062939 -14.35727
9.604198 -0.04256603 -14.35316
9.630144 -0.0436492 -14.3481
9.656151 -0.03627706 -14.34305
9.705038 -0.02586043 -14.33496
9.728554 -0.03084379 -14.33228
9.751258 -0.03222346 -14.32971
9.773661 -0.02579394 -14.32854
9.796007 -0.01821828 -14.3278
9.840528 -0.01046741 -14.32775
9.863211 -0.003809631 -14.32827
9.884511 0.001598835 -14.32749
9.906819 0.004678309 -14.32747
9.92746 0.006997913 -14.3264
9.970074 0.00812763 -14.3252
9.994746 0.007306635 -14.32536
10.01612 0.006375372 -14.32416
10.03858 0.005341947 -14.32399
10.06104 0.003201663 -14.32278
10.10893 -0.001493305 -14.32178
10.13416 -0.004457563 -14.32231
10.15821 -0.008777916 -14.32166
10.18368 -0.01388729 -14.32261
10.20836 -0.0195483 -14.32273
10.25972 -0.02905309 -14.3253
10.2854 -0.0306648 -14.3281
10.3107 -0.03150785 -14.33057
10.33686 -0.0326702 -14.33474
10.36212 -0.03434843 -14.33827
10.41444 -0.0317083 -14.34699
10.43924 -0.02007622 -14.3519
10.46517 -0.01707822 -14.35509
10.49164 -0.02012908 -14.3588
10.51611 -0.02306294 -14.36008
10.56538 -0.01408368 -14.36182
10.59024 -0.01005691 -14.36267
10.61237 -0.007157624 -14.3619
10.63646 -0.002777576 -14.36196
10.65811 0.003745079 -14.36136
10.70266 0.01355135 -14.36271
10.72503 0.01723301 -14.36332
10.74678 0.01924753 -14.36218
10.76855 0.02026772 -14.36161
10.79069 0.01962978 -14.36008
10.83637 0.01727951 -14.35775
10.86012 0.01647961 -14.35665
10.88374 0.01375139 -14.35458
10.90849 0.01016051 -14.35311
10.93287 0.00564754 -14.35039
10.98254 -0.003862262 -14.34469
11.00708 -0.009439349 -14.34168
11.03228 -0.01428068 -14.3376
11.05738 -0.01643056 -14.33405
11.08252 -0.0177778 -14.32949
11.13285 -0.02238959 -14.32036
11.15802 -0.02567375 -14.31616
11.1838 -0.02482003 -14.31098
11.20758 -0.01510656 -14.3071
11.23203 -0.008601964 -14.30333
11.28095 -0.01447606 -14.29769
11.30421 -0.01421285 -14.29647
11.32684 -0.009112298 -14.29529
11.3491 -0.004742682 -14.2951
11.37104 -0.001426458 -14.29433
11.41475 0.0103215 -14.29354
11.43727 0.01452914 -14.29349
11.45812 0.01729381 -14.29252
11.47904 0.01912224 -14.29246
11.49961 0.02006224 -14.29189
11.54184 0.01948059 -14.29178
11.56391 0.01861465 -14.29259
11.58581 0.01688808 -14.29255
11.6087 0.01477084 -14.29369
11.63131 0.01170924 -14.29382
11.67742 0.003454924 -14.29579
11.70193 -0.001341999 -14.29785
11.72561 -0.006438911 -14.29878
11.74978 -0.01200098 -14.30132
11.77424 -0.0167433 -14.30276
11.82373 -0.02200061 -14.30788
11.8486 -0.02385402 -14.31308
11.87335 -0.02623188 -14.31595
11.89882 -0.02917022 -14.32044
11.92445 -0.02935284 -14.3235
11.97304 -0.01096672 -14.3299
11.99828 -0.01058704 -14.33266
12.02138 -0.01331806 -14.33327
12.04505 -0.01509553 -14.33385
12.08894 -0.004542649 -14.33272
12.11028 -0.0004307628 -14.33095
12.13171 0.00324744 -14.33001
12.15223 0.009432077 -14.32812
12.17298 0.01558182 -14.32773
12.21513 0.0252035 -14.32479
12.23556 0.02879864 -14.32353
12.25596 0.03168136 -14.32158
12.27689 0.03373349 -14.32063
12.29783 0.03458744 -14.31914
12.34187 0.03455508 -14.31738
12.3648 0.03320402 -14.31675
12.38753 0.03031731 -14.31483
12.41023 0.02659762 -14.31327
12.43323 0.02140361 -14.31077
12.47941 0.0102495 -14.30538
12.50283 0.003827929 -14.30271
12.52651 -0.001866817 -14.29913
12.55116 -0.005446374 -14.29582
12.5751 -0.006778896 -14.29162
12.62414 -0.008683324 -14.28282
12.64812 -0.01005769 -14.2784
12.67281 -0.008976936 -14.27358
12.69738 3.826618E-05 -14.26997
12.72043 0.00727427 -14.26598
12.76749 0.004330635 -14.25979
12.7902 0.00405401 -14.25795
12.81168 0.00817138 -14.25642
12.83363 0.01312143 -14.25551
12.8545 0.01615486 -14.2546
12.87548 0.01993442 -14.25419
12.91655 0.02952248 -14.25173
12.93671 0.03184342 -14.2498
12.95608 0.03312275 -14.24828
12.97569 0.03387368 -14.24595
13.01582 0.03388993 -14.24154
13.036 0.03316638 -14.23972
13.05684 0.03145865 -14.23692
13.07826 0.02964392 -14.23485
13.10001 0.02723324 -14.23201
13.14482 0.02179527 -14.22765
13.16821 0.01809919 -14.22618
13.19131 0.01341575 -14.22422
13.21531 0.008409321 -14.22319
13.2392 0.004275501 -14.22159
13.28791 -0.0008063316 -14.21996
13.3138 -0.003898561 -14.22026
13.33781 -0.006792903 -14.22037
13.36209 -0.009411186 -14.22126
13.38659 -0.01198921 -14.22173
13.43766 0.0002910495 -14.22419
13.46351 0.00523597 -14.22428
13.48747 0.005019128 -14.22279
13.51103 0.003814191 -14.22122
13.53378 0.00488919 -14.21781
13.5772 0.01589867 -14.20929
13.59816 0.02012742 -14.20454
13.61837 0.02316588 -14.19889
13.63787 0.02828425 -14.19392
13.65784 0.03268057 -14.18821
13.69835 0.03890264 -14.17693
13.71911 0.04117878 -14.171
13.73935 0.04187356 -14.16458
13.7603 0.04110727 -14.15847
13.78113 0.03956263 -14.15191
13.82423 0.03522809 -14.13832
13.84715 0.03235002 -14.13114
13.86914 0.02777331 -14.12331
13.89139 0.02306741 -14.11549
13.91348 0.01777741 -14.10686
13.95652 0.00739406 -14.08863
13.97809 0.002191618 -14.08086
13.9998 -0.001869142 -14.07009
14.02036 -0.004367799 -14.05962
14.04191 -0.005208269 -14.04756
14.08315 -0.00851889 -14.02203
14.10379 -0.008798808 -14.00851
14.12388 0.0005784184 -13.99594
14.14333 0.008107305 -13.9838
14.16353 0.007659674 -13.97176
14.20154 0.002172694 -13.95007
14.21988 0.005898729 -13.93912
14.23836 0.01016957 -13.92925
14.25556 0.01201992 -13.91888
14.27306 0.01511288 -13.90904
14.3063 0.02356026 -13.88827
14.32299 0.02657281 -13.87716
14.33891 0.02913853 -13.86601
14.35495 0.03126134 -13.85429
14.37055 0.03216637 -13.84275
14.40225 0.03197115 -13.81895
14.41868 0.03092947 -13.80731
14.43556 0.02917119 -13.79449
14.45215 0.02733234 -13.78203
14.4699 0.0251032 -13.76884
14.50636 0.01919936 -13.7455
14.52527 0.01430936 -13.73237
14.54395 0.008413479 -13.72036
14.5635 0.002593279 -13.70696
14.58324 -0.001837552 -13.69437
14.62316 -0.008869976 -13.66733
14.64329 -0.01280384 -13.65411
14.66343 -0.01735313 -13.64151
14.68375 -0.0218278 -13.62847
14.70489 -0.02444658 -13.61557
14.74687 -0.007625744 -13.5863
14.76727 -0.006740972 -13.57074
14.78582 -0.009571418 -13.55553
14.80251 -0.009166226 -13.53999
14.81861 -0.004305124 -13.52375
14.84674 0.003788695 -13.49006
14.85978 0.00861837 -13.47268
14.87641 0.01761121 -13.45403
14.88927 0.02349912 -13.43591
14.91905 0.03674039 -13.40831
14.94253 0.0421146 -13.36993
14.95471 0.04221717 -13.35124
14.96585 0.04125474 -13.33131
14.97849 0.04018648 -13.31209
14.99066 0.03911266 -13.29132
15.0134 0.03372347 -13.25077
15.02626 0.03018725 -13.2302
15.03498 0.02502289 -13.20986
15.04721 0.01964861 -13.18847
15.0596 0.01465915 -13.1671
15.08561 0.006529137 -13.12281
15.09697 0.003210947 -13.09995
15.10818 0.001499727 -13.07718
15.11862 0.001343608 -13.05385
15.12912 0.001241714 -13.03024
15.1475 -0.0008407235 -12.98213
15.15709 0.004379824 -12.95775
15.16459 0.01323265 -12.93623
15.17466 0.01510134 -12.91291
15.18282 0.0119994 -12.89106
15.20204 0.01554662 -12.84842
15.21318 0.02027303 -12.82707
15.22108 0.0223318 -12.8064
15.23215 0.02655259 -12.78563
15.23956 0.03067544 -12.76545
15.2317 0.03063378 -12.73414
15.24133 0.03255905 -12.71435
15.24045 0.03240064 -12.69592
15.24998 0.03310922 -12.67617
15.2536 0.03239848 -12.65724
15.26792 0.03007135 -12.6163
15.27731 0.02746403 -12.59501
15.28337 0.02431428 -12.57423
15.29299 0.02040935 -12.55224
15.2995 0.01695263 -12.53136
15.31712 0.006849378 -12.48715
15.32747 0.0006992519 -12.46432
15.33632 -0.004470617 -12.4425
15.34691 -0.008507788 -12.4197
15.36816 -0.01391292 -12.37573
15.37924 -0.01547909 -12.35404
15.39128 -0.0166254 -12.33105
15.40298 -0.01847613 -12.30899
15.41515 -0.01299372 -12.28447
15.42635 -0.001978695 -12.26329
15.44897 -0.001952767 -12.21654
15.45868 -0.004299581 -12.19332
15.46704 -0.002532899 -12.17192
15.47408 0.002149045 -12.14873
15.48026 0.004572421 -12.12702
15.4919 0.01278764 -12.08461
15.49767 0.01876928 -12.06242
15.50298 0.02487323 -12.04288
15.50849 0.0291214 -12.02043
15.51399 0.03278637 -11.9994
15.52437 0.03504789 -11.95615
15.52926 0.03385919 -11.93335
15.53416 0.03246814 -11.91119
15.53912 0.03000051 -11.88768
15.54366 0.02716711 -11.86484
15.55172 0.01799303 -11.81741
15.55551 0.01152045 -11.79281
15.55837 0.005141556 -11.77006
15.56153 -0.001245499 -11.74507
15.56638 -0.01125756 -11.69615
15.56816 -0.01513839 -11.67148
15.56972 -0.01678428 -11.64529
15.57029 -0.01839441 -11.62065
15.57114 -0.01982364 -11.59415
15.57129 -0.02272341 -11.5696
15.57194 -0.01766863 -11.51903
15.57275 -0.01016939 -11.49569
15.57447 -0.009556472 -11.4696
15.57572 -0.01032341 -11.44612
15.57829 -0.007882416 -11.42175
15.58396 -0.001775533 -11.37547
15.58661 -6.657839E-05 -11.35467
15.59 0.003340304 -11.33212
15.59214 0.007159561 -11.31219
15.59723 0.01314154 -11.27336
15.59947 0.01472068 -11.25158
15.60219 0.01590929 -11.23259
15.60448 0.0155202 -11.21079
15.60717 0.01531343 -11.19096
15.60987 0.0142867 -11.16861
15.61597 0.01016997 -11.12515
15.61914 0.005882561 -11.10419
15.62223 0.002228588 -11.08056
15.6262 -0.001795709 -11.05943
15.6351 -0.01168159 -11.01311
15.63946 -0.01664409 -10.98834
15.6448 -0.02110317 -10.96541
15.6497 -0.02426863 -10.94023
15.65542 -0.02686781 -10.91701
15.66131 -0.02930269 -10.89166
15.67414 -0.035155 -10.84323
15.68079 -0.03887963 -10.81898
15.68675 -0.03501186 -10.79282
15.69258 -0.0241161 -10.77043
15.6979 -0.02116102 -10.74443
15.70652 -0.02298963 -10.69636
15.70942 -0.01813585 -10.67284
15.71154 -0.01304954 -10.64876
15.71308 -0.01049173 -10.62492
15.71466 -0.003466696 -10.57866
15.71542 -5.425513E-05 -10.55605
15.7163 0.002640828 -10.53308
15.71681 0.005040482 -10.51046
15.71748 0.00758028 -10.4877
15.71844 0.008862108 -10.44196
15.71894 0.007747635 -10.41884
15.71916 0.006428197 -10.39524
15.71908 0.004557908 -10.37119
15.71864 0.002383202 -10.34713
15.71786 -0.004525959 -10.29726
15.7168 -0.009218156 -10.27197
15.71548 -0.01369214 -10.2465
15.71348 -0.01800099 -10.22075
15.71138 -0.0227634 -10.19501
15.70571 -0.02955317 -10.14249
15.70209 -0.03055623 -10.11629
15.69815 -0.03201005 -10.09045
15.69404 -0.03414971 -10.06453
15.6901 -0.03634107 -10.03905
15.68133 -0.0218305 -9.988476
15.67823 -0.01856637 -9.962715
15.67608 -0.0211516 -9.938803
15.67437 -0.02284533 -9.914144
15.67758 -0.01929313 -9.895281
15.67931 -0.01350462 -9.851212
15.68022 -0.01136917 -9.828367
15.68184 -0.006911635 -9.807753
15.68249 -0.002610117 -9.785292
15.68331 0.0008933544 -9.764659
15.68399 0.005849421 -9.722014
15.68424 0.006611943 -9.7
15.68493 0.005965918 -9.679798
15.68536 0.004920274 -9.657328
15.6865 0.004000753 -9.637089
15.68834 -0.000292778 -9.59306
15.6889 -0.004227012 -9.569167
15.68987 -0.009140283 -9.547244
15.69094 -0.01371241 -9.522648
15.69239 -0.01832426 -9.499863
15.69599 -0.02876192 -9.45125
15.69803 -0.03330499 -9.425575
15.70084 -0.03747225 -9.402241
15.70398 -0.03972185 -9.376728
15.70829 -0.04227042 -9.351811
15.71772 -0.04812109 -9.301384
15.72209 -0.04574353 -9.274964
15.72631 -0.0344817 -9.251336
15.73008 -0.03024507 -9.225512
15.73345 -0.03314549 -9.201152
15.73681 -0.03013009 -9.1523
15.73777 -0.02154243 -9.128797
15.73831 -0.01699996 -9.106119
15.73857 -0.01398939 -9.083901
15.73804 -0.009132475 -9.061609
15.73831 0.0009138882 -9.016533
15.73852 0.004966885 -8.993512
15.73892 0.007874668 -8.970969
15.73915 0.009457409 -8.9482
15.73936 0.009036273 -8.925449
15.74037 0.00538525 -8.877659
15.74084 0.002590925 -8.85285
15.74103 -0.0009304881 -8.828498
15.74115 -0.004933298 -8.803202
15.74107 -0.01035333 -8.778147
15.74002 -0.02235389 -8.728106
15.73938 -0.02804586 -8.702827
15.73839 -0.03336319 -8.677117
15.73746 -0.03870657 -8.650763
15.73599 -0.0414992 -8.624301
15.7323 -0.04316342 -8.571474
15.73015 -0.04443145 -8.544998
15.72749 -0.04637381 -8.518542
15.72505 -0.04890931 -8.492044
15.72247 -0.0437052 -8.465784
15.71898 -0.03650689 -8.415808
15.71856 -0.03821436 -8.393258
15.71824 -0.03657097 -8.368442
15.72022 -0.03175554 -8.346912
15.7212 -0.02846205 -8.323012
15.7247 -0.02167335 -8.278476
15.72793 -0.01665989 -8.256443
15.72883 -0.01341039 -8.233753
15.73032 -0.01153237 -8.212086
15.73089 -0.01094836 -8.189823
15.73236 -0.0121239 -8.145615
15.7333 -0.01337063 -8.12324
15.73383 -0.01512924 -8.100008
15.73489 -0.01700388 -8.077108
15.73554 -0.02003422 -8.053034
15.73849 -0.02655056 -8.004196
15.74106 -0.03037709 -7.980445
15.74296 -0.03497767 -7.95477
15.74589 -0.04003257 -7.930177
15.74848 -0.04483557 -7.903958
15.75547 -0.05164298 -7.852374
15.76003 -0.05378705 -7.827783
15.7648 -0.05526632 -7.801528
15.77081 -0.0579268 -7.777064
15.77646 -0.06154394 -7.751043
15.78771 -0.0542061 -7.699516
15.7937 -0.04570329 -7.676265
15.79858 -0.04542178 -7.64943
15.80237 -0.04839605 -7.625402
15.80452 -0.0475679 -7.600545
15.80695 -0.03917277 -7.554184
15.80792 -0.03681225 -7.53227
15.80814 -0.03338948 -7.509356
15.80918 -0.02810583 -7.488131
15.80953 -0.02355847 -7.465323
15.81062 -0.01745546 -7.422502
15.81146 -0.01503491 -7.402348
15.81179 -0.01497607 -7.379554
15.81257 -0.01485884 -7.359251
15.81285 -0.01666731 -7.335575
15.81346 -0.0201655 -7.2893
15.81347 -0.02303451 -7.266778
15.81281 -0.0277411 -7.241755
15.81227 -0.03292823 -7.219052
15.81087 -0.03910404 -7.19384
15.80714 -0.05007267 -7.145215
15.80514 -0.05520356 -7.12151
15.80232 -0.05859378 -7.09553
15.79945 -0.05950373 -7.071401
15.7961 -0.05989689 -7.045468
15.7887 -0.06408313 -6.99513
15.78477 -0.06623922 -6.970086
15.78101 -0.06010048 -6.944223
15.78076 -0.04764798 -6.926922
15.7781 -0.04608279 -6.901373
15.77501 -0.04775292 -6.856328
15.77466 -0.04348752 -6.834648
15.77452 -0.03957185 -6.811675
15.77471 -0.03644471 -6.790803
15.77512 -0.03209861 -6.768741
15.77548 -0.02254544 -6.725755
15.77499 -0.01988809 -6.704649
15.77462 -0.01739481 -6.683263
15.77414 -0.01657029 -6.662243
15.77372 -0.01646805 -6.640641
15.77279 -0.01863119 -6.596344
15.77222 -0.02075696 -6.573694
15.77173 -0.02372922 -6.550402
15.77134 -0.02744345 -6.52731
15.77099 -0.03103495 -6.50316
15.77124 -0.04001117 -6.454683
15.77225 -0.0461514 -6.430466
15.77372 -0.05310187 -6.406161
15.77513 -0.05896738 -6.381045
15.78027 -0.06581041 -6.331036
15.78425 -0.06777465 -6.305688
15.78826 -0.06914569 -6.280302
15.79341 -0.07053186 -6.254646
15.79815 -0.0723303 -6.229123
15.80295 -0.06687509 -6.203175
15.81079 -0.05341944 -6.153665
15.81352 -0.05354699 -6.129625
15.81581 -0.05295545 -6.105
15.81725 -0.04748261 -6.081354
15.81848 -0.043037 -6.057388
15.81837 -0.03832331 -6.012183
15.81773 -0.03471516 -5.99015
15.81762 -0.03066179 -5.968578
15.81722 -0.02729449 -5.946293
15.81664 -0.02239996 -5.902351
15.81674 -0.02162154 -5.881004
15.81634 -0.02243292 -5.858545
15.81615 -0.02353808 -5.836227
15.81565 -0.02552271 -5.812877
15.81423 -0.03020832 -5.76562
15.81465 -0.03225768 -5.745147
15.81325 -0.03692201 -5.720819
15.81216 -0.04174957 -5.698802
15.8103 -0.04745674 -5.674349
15.80614 -0.05666634 -5.627075
15.80365 -0.06017351 -5.60323
15.80075 -0.06167957 -5.578287
15.79787 -0.06255767 -5.554934
15.79442 -0.06374496 -5.530033
15.79077 -0.0664292 -5.50649
15.78312 -0.06546089 -5.45677
15.78039 -0.05606741 -5.434009
15.77748 -0.05534244 -5.409997
15.77477 -0.05817398 -5.386215
15.77136 -0.05706504 -5.341568
15.77071 -0.05346659 -5.319618
15.76999 -0.05112955 -5.297476
15.76959 -0.04804042 -5.276377
15.76893 -0.0430502 -5.254724
15.76686 -0.03489208 -5.212133
15.76558 -0.03295779 -5.190586
15.76427 -0.03121594 -5.169005
15.76301 -0.03010193 -5.148233
15.76175 -0.03018004 -5.126482
15.75955 -0.03148907 -5.082757
15.75843 -0.0331988 -5.060904
15.75709 -0.03607455 -5.037638
15.75615 -0.03881997 -5.015231
15.75505 -0.04246399 -4.991364
15.75404 -0.05190438 -4.943491
15.75536 -0.05668354 -4.920821
15.75566 -0.06211063 -4.895783
15.75698 -0.06610435 -4.872115
15.75831 -0.06928632 -4.847616
15.76289 -0.07535288 -4.799707
15.76575 -0.07781684 -4.77591
15.76882 -0.08088565 -4.751461
15.77153 -0.08157949 -4.726494
15.77385 -0.07121861 -4.703066
15.77751 -0.06316191 -4.655177
15.77763 -0.06419539 -4.631409
15.77721 -0.06005219 -4.608438
15.77601 -0.05432969 -4.586255
15.77391 -0.05002329 -4.564072
15.76788 -0.04383534 -4.521944
15.7643 -0.04011738 -4.501399
15.76045 -0.03710991 -4.480621
15.75638 -0.03452441 -4.460064
15.752 -0.03229162 -4.439195
15.74306 -0.03076932 -4.397881
15.73839 -0.03170684 -4.377186
15.73354 -0.03354555 -4.35589
15.72819 -0.03546685 -4.334693
15.72283 -0.03832617 -4.312861
15.71125 -0.04542848 -4.270705
15.70498 -0.05035588 -4.250033
15.69855 -0.0558461 -4.22834
15.69163 -0.06065556 -4.208008
15.68483 -0.06577557 -4.186193
15.67094 -0.07236755 -4.145693
15.66338 -0.07331598 -4.12545
15.65502 -0.07382944 -4.10318
15.64616 -0.07471281 -4.082505
15.63698 -0.07638338 -4.06064
15.61664 -0.07754764 -4.017906
15.6065 -0.06953242 -3.998677
15.59667 -0.06465572 -3.978827
15.58727 -0.06561548 -3.958711
15.57809 -0.06908518 -3.93909
15.5609 -0.06555241 -3.902252
15.55251 -0.0639118 -3.883737
15.54359 -0.06248826 -3.867336
15.53456 -0.06072405 -3.850109
15.52481 -0.05847877 -3.834667
15.50396 -0.05534773 -3.80365
15.49312 -0.05395651 -3.787997
15.48193 -0.05316195 -3.773489
15.47088 -0.05307251 -3.757914
15.4594 -0.05292343 -3.742307
15.43661 -0.055338 -3.70842
15.42566 -0.05731821 -3.691145
15.41378 -0.06057388 -3.672807
15.40252 -0.06322816 -3.65488
15.39072 -0.06748581 -3.636619
15.36752 -0.07769835 -3.599209
15.35604 -0.08280814 -3.580361
15.34416 -0.08744544 -3.561843
15.33242 -0.09130567 -3.542687
15.32101 -0.09420037 -3.524019
15.29852 -0.1007174 -3.485311
15.28745 -0.1037529 -3.465349
15.27614 -0.1073391 -3.445413
15.26394 -0.1029541 -3.424759
15.25316 -0.09297526 -3.406288
15.22721 -0.0898301 -3.366987
15.21347 -0.08898455 -3.349446
15.19925 -0.08767933 -3.333462
15.18375 -0.0844059 -3.318303
15.16784 -0.08092403 -3.304054
15.13481 -0.07290119 -3.276043
15.11792 -0.06761748 -3.26235
15.10153 -0.06260026 -3.252716
15.084 -0.06125629 -3.239963
15.06674 -0.06169352 -3.227869
15.03077 -0.06564438 -3.203741
15.01292 -0.06798092 -3.19211
14.9953 -0.06696054 -3.187229
14.97685 -0.07005003 -3.176088
14.95926 -0.06976962 -3.172782
14.92144 -0.07452694 -3.157342
14.90149 -0.07900706 -3.147357
14.88187 -0.08131394 -3.142128
14.86115 -0.08513811 -3.132948
14.84118 -0.08700264 -3.12816
14.79793 -0.09110278 -3.115118
14.77577 -0.09175113 -3.107669
14.75347 -0.09118241 -3.10211
14.73119 -0.09186029 -3.095688
14.7082 -0.09268969 -3.091724
14.66358 -0.07977825 -3.082253
14.64113 -0.07505316 -3.075958
14.61945 -0.08693659 -3.065245
14.5987 -0.08788568 -3.058457
14.57914 -0.09030497 -3.05172
14.5404 -0.08909681 -3.037167
14.52193 -0.0859758 -3.029384
14.50365 -0.08339104 -3.021685
14.48522 -0.0780696 -3.014073
14.46573 -0.0751664 -3.007616
14.42781 -0.07209077 -2.992375
14.40974 -0.0712374 -2.984725
14.39103 -0.072745 -2.975859
14.37246 -0.07341774 -2.967814
14.35183 -0.07584728 -2.960186
14.31082 -0.08165902 -2.942825
14.29051 -0.08528855 -2.934257
14.26768 -0.08980477 -2.926062
14.24692 -0.09390253 -2.917095
14.22419 -0.09949991 -2.907463
14.18001 -0.111771 -2.888505
14.15852 -0.1166749 -2.878913
14.1359 -0.1196364 -2.869297
14.11481 -0.12173 -2.85874
14.09286 -0.1233719 -2.847916
14.04987 -0.1267506 -2.824483
14.02837 -0.1283664 -2.812292
14.00475 -0.1226383 -2.80001
13.98317 -0.1120722 -2.788436
13.95921 -0.1091346 -2.777069
13.91345 -0.1102364 -2.757602
13.89194 -0.1068947 -2.749537
13.86934 -0.1033964 -2.742659
13.84797 -0.1020283 -2.736425
13.80566 -0.09633332 -2.724782
13.78418 -0.09162824 -2.719197
13.76321 -0.08908376 -2.714019
13.74108 -0.08605748 -2.708792
13.7193 -0.08397005 -2.703065
13.69827 -0.08418418 -2.698392
13.65524 -0.08577172 -2.688783
13.63273 -0.08723346 -2.683772
13.61108 -0.09036472 -2.679178
13.58771 -0.09307455 -2.674106
13.56567 -0.09732153 -2.670265
13.52017 -0.1068962 -2.663537
13.49578 -0.1109226 -2.660586
13.47275 -0.1153723 -2.658015
13.44701 -0.1194396 -2.655453
13.39835 -0.1250085 -2.651379
13.37401 -0.1255296 -2.649856
13.34904 -0.123696 -2.65288
13.3244 -0.1237864 -2.652347
13.29986 -0.1233036 -2.654146
13.27453 -0.1193384 -2.654312
13.2271 -0.1055827 -2.65463
13.20323 -0.1049577 -2.654704
13.1807 -0.1067061 -2.653128
13.15758 -0.103411 -2.651392
13.11227 -0.09427422 -2.646075
13.09021 -0.0917286 -2.642992
13.06782 -0.08668119 -2.640445
13.04614 -0.08281747 -2.637768
13.02404 -0.07908398 -2.635696
12.98049 -0.0752545 -2.631597
12.95892 -0.07527338 -2.629659
12.93691 -0.07489154 -2.627479
12.915 -0.07622197 -2.625491
12.89251 -0.07699639 -2.622999
12.84655 -0.08147492 -2.618107
12.82317 -0.08492383 -2.615696
12.79907 -0.08790335 -2.612238
12.77506 -0.09197491 -2.609332
12.75032 -0.09623113 -2.605304
12.72571 -0.101977 -2.601827
12.67521 -0.1110265 -2.593426
12.64964 -0.1132885 -2.588115
12.62477 -0.1162744 -2.583148
12.59896 -0.1197805 -2.576417
12.57437 -0.1236833 -2.570631
12.52371 -0.1249495 -2.558746
12.50002 -0.1142808 -2.553291
12.47428 -0.1111473 -2.549101
12.44986 -0.1123079 -2.544101
12.42646 -0.1131313 -2.541434
12.38054 -0.1018494 -2.536904
12.35813 -0.09847634 -2.534755
12.3376 -0.09523526 -2.534247
12.31522 -0.08963537 -2.532474
12.29438 -0.08324066 -2.532221
12.25061 -0.07490581 -2.530718
12.22759 -0.07265806 -2.529279
12.20647 -0.07188261 -2.529261
12.1838 -0.07230246 -2.527541
12.16216 -0.07439247 -2.527503
12.11616 -0.07989258 -2.526057
12.09217 -0.08359718 -2.525457
12.06876 -0.08884916 -2.525813
12.04495 -0.09407786 -2.526014
12.02085 -0.1000443 -2.527076
11.97123 -0.1102108 -2.52882
11.94829 -0.1086144 -2.526088
11.9227 -0.1122129 -2.528095
11.8981 -0.1118984 -2.52953
11.84629 -0.1128996 -2.535138
11.82081 -0.1134165 -2.538428
11.79523 -0.114313 -2.541306
11.76932 -0.1117572 -2.545359
11.74472 -0.1040481 -2.54807
11.69622 -0.1034135 -2.553383
11.67301 -0.1024202 -2.556022
11.64838 -0.09679618 -2.557881
11.62479 -0.09240192 -2.560033
11.60116 -0.09018385 -2.561256
11.57841 -0.08776671 -2.562909
11.53317 -0.0801098 -2.565117
11.51075 -0.07767344 -2.565977
11.48903 -0.07642794 -2.568066
11.4677 -0.07515663 -2.568889
11.42419 -0.0759899 -2.571511
11.40197 -0.07761163 -2.573565
11.38034 -0.07978958 -2.574737
11.35732 -0.08289266 -2.576796
11.3341 -0.0860787 -2.577315
11.2853 -0.09498015 -2.57903
11.26094 -0.1009803 -2.580277
11.23396 -0.1063117 -2.579806
11.20915 -0.1121005 -2.579013
11.18395 -0.1178256 -2.579117
11.13401 -0.12486 -2.576937
11.10973 -0.1266638 -2.574752
11.08399 -0.1277868 -2.57332
11.06039 -0.1292988 -2.570047
11.03541 -0.1317153 -2.567812
10.98613 -0.1175843 -2.564132
10.96144 -0.1120737 -2.562018
10.93683 -0.1126604 -2.561316
10.91364 -0.1126376 -2.559524
10.88965 -0.1077252 -2.560345
10.84381 -0.1031276 -2.561962
10.82261 -0.1012019 -2.561725
10.80107 -0.09851658 -2.563543
10.77884 -0.09481883 -2.563626
10.75695 -0.09200168 -2.565562
10.71275 -0.08611459 -2.56679
10.69157 -0.08504671 -2.566396
10.66926 -0.08536178 -2.568022
10.64596 -0.08306152 -2.563936
10.62269 -0.08498746 -2.565562
10.57561 -0.08977246 -2.567589
10.55188 -0.09318721 -2.568504
10.5272 -0.09801942 -2.570893
10.50272 -0.1031175 -2.572088
10.47784 -0.1088164 -2.574687
10.4277 -0.1217003 -2.579455
10.40177 -0.1257082 -2.581916
10.37586 -0.1274715 -2.585493
10.34991 -0.1292109 -2.588729
10.32388 -0.1305958 -2.592769
10.27173 -0.1316543 -2.600814
10.2463 -0.1222757 -2.604153
10.22031 -0.1173787 -2.60781
10.19559 -0.1193212 -2.610338
10.17264 -0.120138 -2.612595
10.12577 -0.1117247 -2.613343
10.1026 -0.1090248 -2.612183
10.08011 -0.1052597 -2.611746
10.05723 -0.09900624 -2.609905
10.03481 -0.0934884 -2.609543
9.989292 -0.08365744 -2.607696
9.967325 -0.08003014 -2.606224
9.945642 -0.07816541 -2.606265
9.923115 -0.07676518 -2.604909
9.900713 -0.07647717 -2.604957
9.855434 -0.07807419 -2.602892
9.83173 -0.07998577 -2.601416
9.807623 -0.08321112 -2.601103
9.782434 -0.08645065 -2.598826
9.75757 -0.09115773 -2.597862
9.706331 -0.1020933 -2.592777
9.679796 -0.1073454 -2.589044
9.654091 -0.1107979 -2.58642
9.628233 -0.1123661 -2.582341
9.6022 -0.1128693 -2.578606
9.551281 -0.1140318 -2.568088
9.526602 -0.1147581 -2.562253
9.501646 -0.1050059 -2.557833
9.477486 -0.09817166 -2.552526
9.452215 -0.09764789 -2.548586
9.405573 -0.09492861 -2.543378
9.381106 -0.08982737 -2.540966
9.358135 -0.08570461 -2.541712
9.334177 -0.08338996 -2.541
9.312179 -0.07855377 -2.543201
9.266224 -0.06807899 -2.54457
9.243588 -0.06417996 -2.544402
9.221434 -0.06120732 -2.545787
9.196975 -0.05889799 -2.545096
9.174572 -0.05849806 -2.546409
9.122255 -0.0632921 -2.542164
9.096142 -0.06624208 -2.540153
9.071831 -0.06919821 -2.541043
9.045838 -0.07273281 -2.540196
9.020535 -0.07700206 -2.541328
8.96818 -0.0860247 -2.543061
8.942285 -0.09021366 -2.544382
8.915575 -0.09571725 -2.546891
8.888075 -0.1006324 -2.549313
8.860949 -0.1033282 -2.552669
8.806971 -0.1077974 -2.559857
8.780527 -0.1112586 -2.563145
8.754133 -0.1151429 -2.567354
8.726359 -0.1120739 -2.571096
8.70073 -0.09992634 -2.575097
8.647335 -0.09842509 -2.580882
8.622143 -0.09843066 -2.582031
8.597831 -0.09411411 -2.582977
8.574018 -0.09010409 -2.582445
8.551264 -0.08821419 -2.581153
8.50699 -0.07889999 -2.578909
8.484728 -0.07355778 -2.578848
8.462986 -0.06890644 -2.577956
8.441339 -0.06522858 -2.578386
8.420492 -0.06198537 -2.577487
8.379059 -0.05980735 -2.576878
8.356787 -0.06044209 -2.577305
8.334551 -0.06143035 -2.576594
8.311207 -0.06390339 -2.577338
8.288969 -0.06668022 -2.576749
8.241964 -0.07570466 -2.576022
8.217467 -0.08180758 -2.575695
8.193945 -0.08826616 -2.573797
8.168921 -0.09401006 -2.572526
8.144941 -0.09920627 -2.569508
8.095724 -0.1066587 -2.562283
8.070508 -0.1088133 -2.558419
8.046164 -0.1110863 -2.552529
8.020713 -0.1134839 -2.547819
7.994698 -0.1158279 -2.541386
7.94384 -0.09681267 -2.530766
7.917049 -0.09407815 -2.526876
7.891331 -0.09600726 -2.521942
7.865777 -0.09510091 -2.519904
7.841046 -0.08930448 -2.516548
7.791973 -0.08032942 -2.513947
7.768586 -0.07790184 -2.514243
7.747981 -0.07314372 -2.507701
7.72512 -0.06832929 -2.507521
7.702097 -0.06379317 -2.505922
7.656293 -0.05784997 -2.505116
7.63354 -0.05701137 -2.505225
7.609882 -0.05675675 -2.504795
7.586642 -0.05781527 -2.504869
7.562174 -0.05890501 -2.504554
7.513129 -0.06386024 -2.504964
7.488656 -0.0681693 -2.506004
7.463912 -0.07265803 -2.506661
7.439041 -0.07864162 -2.508334
7.413767 -0.08413014 -2.509784
7.3625 -0.09465006 -2.51442
7.336699 -0.09877241 -2.517388
7.31039 -0.1014494 -2.520106
7.284575 -0.1028329 -2.524101
7.257998 -0.1042373 -2.527767
7.205898 -0.1082097 -2.536004
7.179262 -0.103837 -2.540681
7.155895 -0.0952467 -2.543137
7.129624 -0.09480506 -2.546133
7.081743 -0.094843 -2.549902
7.058317 -0.09016815 -2.549821
7.034932 -0.0866009 -2.550357
7.012021 -0.08380637 -2.549824
6.989729 -0.0791963 -2.549642
6.946367 -0.07094206 -2.548536
6.925209 -0.06751646 -2.547847
6.903661 -0.064501 -2.548351
6.882384 -0.06270537 -2.548011
6.860688 -0.06273375 -2.548739
6.816608 -0.06547813 -2.549002
6.79362 -0.06776719 -2.54866
6.770535 -0.07070126 -2.549227
6.746459 -0.07443045 -2.54859
6.722761 -0.07894508 -2.548797
6.674286 -0.0903441 -2.54714
6.649542 -0.09727304 -2.544968
6.625166 -0.1031436 -2.543666
6.600269 -0.1078863 -2.54031
6.575396 -0.1104735 -2.537725
6.549919 -0.1117578 -2.533052
6.499618 -0.1136783 -2.523125
6.474684 -0.1161964 -2.518381
6.448803 -0.1168013 -2.511719
6.424038 -0.1073762 -2.507782
6.374416 -0.09882684 -2.498998
6.349688 -0.09901607 -2.495307
6.325572 -0.09422602 -2.494128
6.303085 -0.08811094 -2.490276
6.279978 -0.08368063 -2.490259
6.235827 -0.07569554 -2.489693
6.214441 -0.07114266 -2.488832
6.192867 -0.06778979 -2.489761
6.170669 -0.06468304 -2.488941
6.148806 -0.06207033 -2.489947
6.126562 -0.05988367 -2.489166
6.082185 -0.0610237 -2.489665
6.059747 -0.06303415 -2.490439
6.036993 -0.06510588 -2.48979
6.013824 -0.06789091 -2.489193
5.966816 -0.07574439 -2.490437
5.942905 -0.08061178 -2.491996
5.919167 -0.0853793 -2.492788
5.895109 -0.0902449 -2.494902
5.870671 -0.09494218 -2.495852
5.820737 -0.1021229 -2.49986
5.795748 -0.1022402 -2.502825
5.770115 -0.1023387 -2.505023
5.744984 -0.1026735 -2.508982
5.719056 -0.103372 -2.512222
5.669044 -0.08796003 -2.51994
5.643999 -0.08241981 -2.523514
5.618762 -0.08341986 -2.525872
5.595117 -0.08610362 -2.528458
5.571253 -0.08493823 -2.529427
5.528161 -0.07835539 -2.529994
5.507046 -0.07562435 -2.530088
5.486757 -0.07095478 -2.52919
5.465966 -0.06495085 -2.529466
5.445992 -0.06059444 -2.528873
5.406414 -0.05581425 -2.528966
5.386378 -0.05478999 -2.529467
5.366749 -0.05465905 -2.528688
5.346391 -0.05487137 -2.529215
5.326041 -0.05554447 -2.528438
5.304623 -0.0573329 -2.52899
5.260773 -0.0629459 -2.528789
5.238692 -0.06546897 -2.528036
5.21627 -0.06933153 -2.528188
5.192225 -0.07353586 -2.526106
5.144899 -0.08421516 -2.5229
5.12137 -0.08885148 -2.52168
5.099557 -0.09104341 -2.517646
5.076089 -0.09228688 -2.515488
5.052536 -0.09288159 -2.511192
5.004973 -0.09520462 -2.502913
4.980569 -0.09489125 -2.499256
4.957295 -0.08598837 -2.494734
4.934525 -0.07632789 -2.491576
4.909676 -0.0723533 -2.48733
4.863217 -0.07101974 -2.482556
4.841067 -0.065626 -2.482061
4.818346 -0.05929244 -2.480359
4.79657 -0.05548996 -2.480217
4.773735 -0.05202919 -2.47901
4.731307 -0.04305682 -2.478141
4.709928 -0.03972322 -2.478409
4.688367 -0.03747585 -2.477562
4.666901 -0.03626791 -2.478167
4.645905 -0.03642273 -2.477366
4.60282 -0.0406636 -2.477144
4.580633 -0.04392499 -2.477692
4.558485 -0.04754591 -2.47682
4.535638 -0.05126169 -2.477494
4.512129 -0.05499279 -2.477335
4.464407 -0.06326619 -2.478874
4.440449 -0.06742266 -2.480809
4.415989 -0.07182258 -2.481628
4.391925 -0.07669887 -2.48403
4.367229 -0.0809375 -2.485672
4.318377 -0.08420047 -2.491385
4.293992 -0.08507946 -2.495214
4.268863 -0.08664173 -2.498116
4.244058 -0.0881792 -2.502398
4.217216 -0.08279946 -2.50418
4.169066 -0.07087922 -2.50946
4.145674 -0.07311478 -2.512086
4.122392 -0.07503659 -2.512798
4.100274 -0.07233992 -2.514079
4.077629 -0.06703198 -2.513434
4.034354 -0.05913943 -2.512251
4.013747 -0.05438021 -2.512357
3.992765 -0.05002426 -2.511771
3.972472 -0.04752998 -2.512272
3.951756 -0.04582562 -2.511442
3.910672 -0.04533319 -2.511073
3.890123 -0.04627165 -2.511515
3.868351 -0.04736914 -2.51056
3.846881 -0.04931813 -2.51089
3.824648 -0.05155005 -2.509465
3.779536 -0.05833256 -2.508158
3.757005 -0.06228442 -2.507615
3.733837 -0.06743678 -2.505457
3.710596 -0.07310298 -2.504039
3.687423 -0.07850681 -2.5012
3.640168 -0.08620477 -2.495684
3.616522 -0.08803792 -2.492687
3.592998 -0.08992963 -2.487725
3.569057 -0.09119645 -2.483258
3.545767 -0.09415799 -2.477132
3.497833 -0.09392425 -2.466255
3.474988 -0.08549832 -2.459192
3.450537 -0.0806295 -2.45486
3.426954 -0.08030514 -2.44936
3.40326 -0.08043149 -2.446385
3.358458 -0.07046716 -2.441841
3.336146 -0.0668502 -2.439983
3.314556 -0.063842 -2.439816
3.293293 -0.05966532 -2.438767
3.272372 -0.05600447 -2.438537
3.230732 -0.05092777 -2.436972
3.209744 -0.0487377 -2.435774
3.188614 -0.04811032 -2.435394
3.167122 -0.04846983 -2.434195
3.145685 -0.05037789 -2.433814
3.10208 -0.05533464 -2.431527
3.080091 -0.05792854 -2.430105
3.057498 -0.06093013 -2.429669
3.034907 -0.06426312 -2.428415
3.011937 -0.06881969 -2.428381
2.965887 -0.07791117 -2.428183
2.94206 -0.08197837 -2.427967
2.918722 -0.08476628 -2.428971
2.895215 -0.0864681 -2.429323
2.872115 -0.08790067 -2.431039
2.826676 -0.09018072 -2.434258
2.80276 -0.08935597 -2.43575
2.78042 -0.08060148 -2.438161
2.757754 -0.07386267 -2.437056
2.73457 -0.07284497 -2.438277
2.692496 -0.07645895 -2.43813
2.672522 -0.07470573 -2.436832
2.6526 -0.07043873 -2.43589
2.633154 -0.06805174 -2.433569
2.61363 -0.06591304 -2.431872
2.575747 -0.0595804 -2.428252
2.556392 -0.05780254 -2.425799
2.53776 -0.05710653 -2.424659
2.519533 -0.05683965 -2.422713
2.501198 -0.05719225 -2.422358
2.463951 -0.05927302 -2.421239
2.445279 -0.06080823 -2.420634
2.426188 -0.0630632 -2.420679
2.407395 -0.0653282 -2.419954
2.388333 -0.06871369 -2.4196
2.350756 -0.07715166 -2.416867
2.331618 -0.08213522 -2.414064
2.312493 -0.08783866 -2.411077
2.294207 -0.09331478 -2.406791
2.275689 -0.09920529 -2.402631
2.239751 -0.1110674 -2.391773
2.22229 -0.1175456 -2.385931
2.204942 -0.124609 -2.380968
2.186028 -0.1284049 -2.375669
2.164 -0.1248344 -2.371654
2.13075 -0.1204911 -2.364148
2.114981 -0.1206298 -2.360992
2.098577 -0.1183991 -2.360165
2.084394 -0.1151485 -2.358571
2.059469 -0.1083279 -2.358751
2.047605 -0.1051704 -2.360226
2.03626 -0.09743397 -2.360458
2.024505 -0.09296982 -2.361977
2.01335 -0.08641811 -2.362466
2.002923 -0.08405761 -2.363618
1.983394 -0.07774135 -2.364838
1.973493 -0.07420428 -2.364779
1.965014 -0.07224038 -2.365619
1.957663 -0.06926 -2.366203
1.950042 -0.06767258 -2.367101
1.936705 -0.06569441 -2.368746
1.931144 -0.06454481 -2.369953
1.924954 -0.06499887 -2.371154
1.919464 -0.06459036 -2.371951
1.914043 -0.06461508 -2.373514
1.904805 -0.06461828 -2.376481
1.901387 -0.06430976 -2.377893
1.897208 -0.06396289 -2.37982
1.894109 -0.06264737 -2.381307
1.886886 -0.05909695 -2.384453
1.883592 -0.05648174 -2.386444
1.88052 -0.05417399 -2.388323
1.876972 -0.05269793 -2.390496
1.874058 -0.0509579 -2.392394
1.866742 -0.04792041 -2.39705
1.86261 -0.04646745 -2.399834
1.859509 -0.04422819 -2.402016
1.855879 -0.04198912 -2.404216
1.853652 -0.03985608 -2.405718
1.848528 -0.03983996 -2.40811
1.84749 -0.04098665 -2.408779
1.84564 -0.04233854 -2.409236
1.844122 -0.04362725 -2.408603
1.842415 -0.04498488 -2.40841
1.839855 -0.04761316 -2.407819
1.838641 -0.04834068 -2.40768
1.836797 -0.04851523 -2.408589
1.835325 -0.04854921 -2.408431
1.832992 -0.04875095 -2.409439
1.831164 -0.04918845 -2.409401
1.827245 -0.05032521 -2.41158
1.825364 -0.05125109 -2.413186
1.823837 -0.05237754 -2.413644
1.822414 -0.05328352 -2.414979
1.819714 -0.05474158 -2.416673
1.818422 -0.05544963 -2.417122
1.817351 -0.05552591 -2.4183
1.81621 -0.05553768 -2.418482
1.815251 -0.05514165 -2.41982
1.813283 -0.05483793 -2.421265
1.811918 -0.05492475 -2.420815
1.811067 -0.05446095 -2.421913
1.809854 -0.05442974 -2.421637
1.809115 -0.0541985 -2.422525
1.807383 -0.05439316 -2.422853
1.806444 -0.05476186 -2.421909
1.805715 -0.05481224 -2.422496
1.804794 -0.05494001 -2.42189
1.804278 -0.05500433 -2.422565
1.803314 -0.05498433 -2.422891
1.803036 -0.05470477 -2.422917
1.802885 -0.05431847 -2.423952
1.802451 -0.05407535 -2.42373
1.8024 -0.05387665 -2.424522
1.801779 -0.05359235 -2.424417
1.801416 -0.05351494 -2.423733
1.801359 -0.05350201 -2.424212
1.8008 -0.05355255 -2.423304
1.800808 -0.05368103 -2.42366
1.800408 -0.05401317 -2.423006
1.799855 -0.05413174 -2.421866
1.799781 -0.05418514 -2.422035
1.7995 -0.05423798 -2.421066
1.799473 -0.05430698 -2.421367
1.799106 -0.05448272 -2.42078
1.798837 -0.05447821 -2.419955
1.798718 -0.05434534 -2.420159
1.798502 -0.0542484 -2.419343
1.798392 -0.05416147 -2.419528
1.798372 -0.05412331 -2.418436
1.797892 -0.05416234 -2.417448
1.797835 -0.0541152 -2.417532
1.797523 -0.05414448 -2.416471
1.797458 -0.05405679 -2.416616
1.796965 -0.05405602 -2.415716
1.796492 -0.05405813 -2.414709
1.796452 -0.05400533 -2.414788
1.796101 -0.05403739 -2.413838
1.796063 -0.0539815 -2.413956
1.795324 -0.05395071 -2.412897
1.794688 -0.05383718 -2.41165
1.79467 -0.0537304 -2.411862
1.794098 -0.05369893 -2.411002
1.793996 -0.05353281 -2.411141
1.79327 -0.0533618 -2.410264
1.79261 -0.05337881 -2.409299
1.792439 -0.05333635 -2.409406
1.791768 -0.05345136 -2.408538
1.791626 -0.05335215 -2.4087
1.790963 -0.05322142 -2.40833
1.790209 -0.05319165 -2.407433
1.789998 -0.05298809 -2.407641
1.789282 -0.05294601 -2.406887
1.789093 -0.05284452 -2.407113
1.788151 -0.05287078 -2.406446
1.787575 -0.05292417 -2.405724
1.787433 -0.05283019 -2.405889
1.786881 -0.05281873 -2.405246
1.786687 -0.05256298 -2.405457
1.785923 -0.05220892 -2.40528
1.785359 -0.05213425 -2.40473
1.785199 -0.05192786 -2.404876
1.784711 -0.0519414 -2.40428
1.784629 -0.05181414 -2.404332
1.784168 -0.05174136 -2.403811
1.783868 -0.05182456 -2.403311
1.783843 -0.0517584 -2.403335
1.783626 -0.05196152 -2.402757
1.783686 -0.05205658 -2.402682
1.783516 -0.05213561 -2.401921
1.783226 -0.05225661 -2.40131
1.783018 -0.05240067 -2.400719
1.783201 -0.05242439 -2.400669
1.783219 -0.05253339 -2.400393
1.783267 -0.05249289 -2.400169
1.783331 -0.0523308 -2.40024
1.783198 -0.05225313 -2.400054
1.783338 -0.05217119 -2.400163
1.783287 -0.05233091 -2.400039
1.783631 -0.05249146 -2.399861
