2.10324 355.4123 0.4536689
1.912059 355.3882 0.4112981
1.912059 355.3882 0.4112981
1.904119 355.3848 0.3720663
1.801225 355.3795 0.3674969
1.831647 355.3844 0.396115
1.898748 355.3914 0.395684
2.001929 355.3936 0.4032003
1.991551 355.377 0.4342951
2.013907 355.3518 0.4468459
2.055877 355.3223 0.458046
2.15168 355.3094 0.4437889
2.225206 355.2848 0.4941515
2.176619 355.2227 0.4939509
2.177185 355.2044 0.4842753
2.147173 355.2141 0.4813811
2.025735 355.2286 0.5333822
1.821899 355.2305 0.5750481
1.627895 355.2219 0.6265555
1.653253 355.1985 0.6822088
1.650632 355.1814 0.7707489
1.621058 355.1612 0.8330576
1.58413 355.1394 0.8429486
1.493442 355.1417 0.8148394
1.420166 355.1331 0.8434662
1.368607 355.1124 0.8300329
1.366042 355.1201 0.7673763
1.435672 355.1596 0.7056201
1.47274 355.2776 0.731987
1.403935 355.3422 0.7473367
1.323385 355.4586 0.7083056
1.297353 355.582 0.6558817
1.274737 355.7191 0.6255736
1.244786 355.9904 0.6146243
1.238187 356.1026 0.5589434
1.168938 356.1977 0.4835103
1.037503 356.2332 0.4431424
0.885947 356.2085 0.3679245
0.5930027 356.1518 0.1009986
0.5179529 356.1736 359.9767
0.4680552 356.1945 359.8503
0.4312152 356.1923 359.7913
0.222655 356.1559 359.8232
359.7544 356.1161 359.7081
359.5717 356.1482 359.5676
359.3566 356.1778 359.4331
359.1316 356.1744 359.3847
358.8482 356.1964 359.3426
358.2298 356.3253 359.1828
357.9279 356.4311 359.1473
357.6554 356.536 359.1771
357.4953 356.6222 359.2397
357.4366 356.7112 359.3334
357.6805 356.9225 359.4808
357.8986 357.0226 359.5397
358.0522 357.1223 359.5953
358.2335 357.2074 359.6235
358.3734 357.2797 359.6382
358.7995 357.3965 359.6798
358.9167 357.4375 359.6757
358.9327 357.4995 359.6909
358.9319 357.5711 359.7107
358.9174 357.6328 359.7284
359.0013 357.6724 359.9282
358.9681 357.5453 0.03572638
358.8719 357.3883 359.98
358.6752 357.3125 359.7067
358.2468 357.2832 359.2485
357.8503 357.2068 358.4066
358.1507 357.1657 357.9948
358.5877 357.1449 357.5074
359.1971 357.1372 357.1316
359.8291 357.1084 356.9633
0.1633481 357.0042 357.2529
359.7351 356.9082 357.4583
359.0756 356.8481 357.6356
358.4768 356.7913 357.7818
358.0051 356.7166 357.904
357.5013 356.5046 358.1314
357.4684 356.3661 358.1647
357.5137 356.2541 358.2132
357.6154 356.1341 358.2353
357.6896 356.0563 358.0978
357.6727 356.0681 357.7809
357.6642 356.1263 357.7297
357.6331 356.1904 357.7133
357.5406 356.2744 357.718
357.2489 356.4762 357.6898
357.0085 356.6283 357.7112
356.8934 356.8013 357.7833
356.8726 356.9582 357.8396
356.8678 357.1072 357.8652
356.9445 357.328 357.8633
356.2731 357.473 357.9358
355.143 357.5271 358.2765
354.6359 357.3709 358.7417
354.6414 357.0858 359.1994
355.0215 356.8011 359.3232
355.857 356.6973 358.5587
356.2565 356.8173 358.1373
356.083 356.914 358.0616
355.5905 357.0132 358.1138
355.5752 357.4332 358.1693
355.9749 357.8066 358.063
356.5371 358.182 358.036
357.258 358.5195 358.0963
357.8477 358.7993 358.1955
358.337 359.2425 358.1998
358.3453 359.4632 358.1404
358.3873 359.6625 358.0638
358.493 359.8166 357.9741
358.577 359.9043 357.9214
358.4075 359.8555 358.1199
358.3294 359.7266 358.2959
358.1694 359.551 358.4162
357.9691 359.3579 358.5753
357.7537 359.1797 358.7368
357.4947 358.7267 359.1238
357.4684 358.3625 359.4435
357.5187 357.9766 359.723
357.4095 357.6022 359.8655
357.1503 357.2362 359.9552
357.0775 356.6023 0.3593305
357.779 356.218 0.6253746
356.7259 356.0546 0.6448916
354.9717 356.1217 0.3345495
354.5927 356.4944 359.874
356.6111 357.127 358.8903
357.5142 357.2953 358.5748
357.409 357.3514 358.2126
357.2209 357.3167 357.8345
357.2733 357.1017 357.6697
356.5292 356.4095 357.8803
356.1256 356.0724 357.866
356.1166 355.7757 357.8974
356.4131 355.4983 358.103
356.8177 355.2702 358.3616
357.2858 354.9829 358.9264
357.0945 354.9469 359.1924
356.6675 354.9709 359.3926
356.1216 355.047 359.5738
355.5259 355.1016 359.7054
354.807 355.3295 359.6359
354.807 355.3295 359.6359
354.9688 355.5248 359.3188
354.9154 355.6296 359.1114
354.6189 355.8438 358.8889
354.8124 356.0472 358.8835
354.7798 356.155 358.7174
354.6967 356.363 358.3211
354.6098 356.5917 357.7917
354.576 356.7943 357.3776
355.0764 357.0597 356.9162
353.1458 357.1879 357.173
352.6252 357.1367 357.7147
353.5739 356.9691 358.5037
355.3767 356.8002 359.0129
356.1074 356.7229 359.0574
355.3528 356.7659 358.8239
355.7433 356.7684 358.4722
356.5014 356.8449 358.0032
356.7077 357.0032 357.5256
357.1781 357.4832 357.1691
357.8002 357.7758 357.3419
358.4918 358.0758 357.6591
358.9987 358.3428 357.9435
359.1631 358.5402 358.1493
358.3896 358.7769 358.0746
357.6385 358.8088 357.9459
357.0475 358.7873 357.9208
356.6948 358.729 358.0827
356.4109 358.6208 358.2825
356.2852 358.3773 358.5756
356.4028 358.2393 358.6207
356.466 358.1123 358.6699
356.3961 358.0068 358.722
356.0685 357.9108 358.9193
355.3339 357.795 359.463
354.9052 357.7659 359.6929
354.7591 357.6856 359.7894
355.1744 357.5468 359.7462
354.3408 357.5379 359.6213
352.354 358.0859 359.0495
353.4247 358.39 358.609
353.448 358.8407 357.8419
352.4139 359.204 356.8441
352.135 359.4657 356.3412
355.3264 359.2552 356.638
356.7019 358.9804 357.0604
357.0907 358.8286 357.5126
356.9433 358.7742 357.8193
356.5728 358.7014 357.939
356.2236 358.4102 357.9976
356.3496 358.2297 358.0376
356.5417 358.087 358.0871
356.6792 357.9976 358.1977
356.8134 358.0037 358.4375
357.1805 358.1393 358.7458
357.4064 358.2567 358.5466
357.5502 358.3942 358.299
357.5276 358.5235 358.2083
357.3221 358.663 358.206
357.0988 358.9219 358.0562
357.2196 359.0322 357.8178
357.2859 359.1461 357.5705
357.2173 359.2775 357.3096
356.9778 359.4281 357.2356
357.3351 359.6813 357.2883
357.9507 359.791 356.9565
357.1217 0.03487707 356.5167
355.7803 0.2352321 356.7419
355.8416 0.1950253 357.3541
357.4643 359.9839 357.9951
356.8159 0.1341557 358.2976
356.494 0.2367649 358.5034
356.9196 0.3044143 358.4072
357.4328 0.4049834 358.1929
357.8929 0.6570722 357.6805
358.3071 0.7857885 357.4577
358.8265 0.8552967 357.4026
359.2195 0.8591751 357.44
359.2937 0.8217193 357.3914
358.7724 0.6556708 357.2752
358.1957 0.561146 357.2637
357.5563 0.4522097 357.2408
357.1079 0.292145 357.241
356.9189 0.1169394 357.3559
356.9575 359.7496 357.7375
357.208 359.5908 357.9514
357.4404 359.406 358.1653
357.4996 359.164 358.3274
357.4752 358.988 358.4076
356.9921 358.8425 358.5163
356.7372 358.8119 358.6722
356.6172 358.7366 358.8893
356.8602 358.5538 359.145
357.5254 358.2939 359.2028
355.3835 357.9482 358.8483
355.802 357.9926 358.7882
356.9265 357.9794 358.3589
357.0315 358.2444 357.636
355.9604 358.588 356.756
356.5101 358.8291 356.5014
358.0866 358.5811 356.9521
358.8097 358.2779 357.3593
358.8086 358.149 357.6945
358.5988 358.1229 357.9783
358.2484 358.09 358.3489
358.0427 358.0617 358.4354
357.6644 358.0213 358.5756
357.0324 358.0015 358.7691
356.4077 357.9565 359.0004
355.5237 357.9133 359.1388
355.2362 357.9282 359.0249
355.1897 357.9707 358.7942
355.2258 358.0417 358.5564
355.2336 358.1156 358.3835
355.0882 358.3088 358.0307
355.2088 358.4654 357.7744
355.4675 358.6621 357.4193
355.6082 358.9238 357.191
355.403 359.2065 357.1031
355.0947 359.7028 357.2421
356.005 359.7777 357.0704
355.5423 359.9191 356.5925
353.7461 0.04434385 356.61
354.9814 359.4609 357.9797
355.8884 359.1187 358.5426
355.7823 358.9589 358.7996
355.4453 358.9095 358.8293
355.9248 358.9506 358.4633
356.6687 359.0285 357.9434
356.8737 359.0153 357.4019
357.3008 358.9685 357.2437
358.0464 358.9436 357.239
358.8705 358.9703 357.296
359.3625 359.028 357.2856
358.7891 359.1719 357.0792
358.1916 359.2407 356.9805
357.6466 359.2979 356.905
357.2702 359.3068 356.9059
356.943 359.2977 356.897
356.6907 359.2589 357.0713
356.6568 359.2222 357.2496
356.6405 359.2259 357.4776
356.608 359.2285 357.6892
356.3428 359.2741 358.0123
356.1349 359.3085 358.2118
355.915 359.3715 358.4654
355.6342 359.4248 358.7602
355.3217 359.4284 359.1005
355.2924 359.1844 359.615
355.1769 358.8981 359.7477
352.8725 358.6513 359.5073
351.7628 358.4605 359.1713
352.0395 358.4633 358.9278
353.6483 358.4981 357.7455
353.4146 358.6417 357.0637
353.4093 358.6826 356.6036
354.301 358.5954 356.6948
355.3264 358.3669 357.2842
355.4629 358.1131 357.9118
355.1482 357.9184 358.0885
355.2981 357.9012 357.8391
355.3846 357.8717 357.6674
355.4614 357.7604 357.7339
355.4154 357.6213 357.947
354.6332 357.5423 358.3102
354.2646 357.6482 358.3233
354.1154 357.8148 358.3558
354.1167 357.9857 358.4359
354.1727 358.2732 358.3648
354.0709 358.3976 358.3712
354.1479 358.5128 358.4849
354.3194 358.6832 358.5467
354.5612 358.9182 358.4583
354.7721 359.1833 358.312
354.5795 359.6005 357.9697
354.2346 359.7658 357.8338
353.9881 359.9011 357.7309
354.3462 359.9748 357.6859
353.7448 0.08941327 357.8976
352.448 0.0224953 358.362
352.6524 359.7729 359.0051
353.7693 359.3647 359.5681
354.396 359.0616 359.8893
354.2983 358.9778 359.7821
355.1884 359.075 359.3218
355.8333 359.365 358.7281
355.6851 359.5757 358.4569
355.3823 359.836 358.2727
356.1061 0.3494659 358.5614
356.688 0.5558486 358.9041
357.0266 0.7241519 359.0927
357.1042 0.8213851 359.1701
356.9514 0.8603704 359.179
356.0697 0.7629051 358.9788
355.5051 0.5827542 358.8219
355.1442 0.3222539 358.7804
354.9277 359.9896 358.7085
354.7659 359.6538 358.6417
354.8622 358.9559 358.561
354.902 358.6508 358.5059
354.9258 358.4234 358.3833
354.7781 358.2888 358.2628
354.4637 358.1753 358.4187
354.0128 357.8484 359.3701
354.1063 357.6926 359.7495
354.8295 357.5333 359.9183
354.2719 357.4787 359.8589
352.1939 357.5674 359.6441
353.5309 357.945 359.0083
355.3555 358.1865 358.5128
356.0458 358.3992 357.8513
355.2226 358.5963 357.4251
355.0339 358.6 357.6483
356.613 358.0385 358.6346
356.6306 357.8416 358.7732
356.4871 357.7188 358.6028
356.392 357.6452 358.3026
356.2 357.5236 358.0135
355.7297 357.1801 358.0836
355.4564 357.0372 358.3737
355.0641 356.9467 358.6968
354.705 356.9244 358.9754
354.4724 356.959 359.119
354.3991 357.248 359.0733
354.5898 357.4062 359.0676
354.6982 357.5215 359.1382
354.7394 357.6176 359.1655
354.8443 357.8188 358.969
355.3606 358.2954 358.5452
355.4051 358.4693 358.4642
355.2277 358.605 358.403
355.0776 358.755 358.1669
355.1496 358.893 357.8017
355.1888 358.7904 357.2829
352.6019 358.654 357.3515
352.0909 358.4177 357.6118
353.2873 358.0332 358.1377
354.9731 357.7893 358.8578
355.0707 357.5901 359.325
354.5294 357.7149 359.1402
354.8108 357.8916 358.6563
354.8628 357.9937 358.138
354.5085 358.0171 357.7285
355.1046 357.9524 357.2939
356.043 357.9698 357.3534
356.9352 358.0281 357.3892
357.4691 358.0775 357.4197
357.5221 358.1075 357.3875
356.6954 358.0291 357.3464
356.0802 357.896 357.4112
355.572 357.762 357.4564
355.273 357.6398 357.6129
355.0695 357.5371 357.8688
354.6883 357.4046 358.2941
354.6068 357.3394 358.4519
354.5586 357.2811 358.5413
354.4905 357.1932 358.6272
354.2368 357.0816 358.7768
353.7281 356.8258 359.2762
353.7885 356.6803 359.4828
354.8417 356.4541 359.5801
354.5109 356.3305 359.6082
352.1523 356.3376 359.3381
353.428 356.6783 358.8325
355.1541 356.9223 358.0834
355.0975 357.2091 356.8145
354.1591 357.5482 355.8783
354.6362 357.7167 355.8366
356.9696 357.2048 357.6463
356.7614 357.0279 358.459
356.4148 356.9872 358.8406
356.132 357.0181 358.7468
355.8774 357.0257 358.5287
355.3942 356.7466 358.5359
355.1685 356.5154 358.7391
354.9699 356.2849 358.9131
354.7283 356.1494 358.9672
354.434 356.1436 358.9326
354.2968 356.4001 358.7059
354.6251 356.5198 358.7632
355.0392 356.6326 358.9169
355.3947 356.8075 358.9612
355.5143 357.0059 359.0814
355.7361 357.3329 359.2423
355.7497 357.5067 359.1817
355.8551 357.7563 358.9764
355.9218 357.9945 358.7206
355.9987 358.1487 358.5226
356.9892 358.0796 358.1384
354.0947 358.0261 358.4291
353.1083 357.7616 358.8959
354.5471 357.31 359.7074
356.6738 356.8992 0.3969673
356.7573 356.6278 0.7559348
357.1021 356.7692 0.4511818
357.7355 356.9839 359.9064
357.416 357.2163 359.434
356.7091 357.3462 358.9885
356.6322 357.6446 358.247
357.0362 357.8346 358.2025
357.4941 358.0103 358.1784
357.7735 358.1396 358.1798
357.6778 358.2289 358.2094
356.7385 358.3673 358.2014
356.0461 358.4021 358.2638
355.4088 358.4306 358.3727
355.0233 358.4204 358.49
354.758 358.3142 358.657
354.4252 357.9465 359.1553
354.4468 357.6986 359.3339
354.55 357.471 359.4868
354.4607 357.2445 359.6778
353.9735 357.0844 359.9019
353.4009 356.7237 0.3896368
353.6625 356.5577 0.4740721
354.8724 356.3559 0.47238
354.2066 356.3072 0.2979211
352.1057 356.3307 0.06505624
353.7368 356.7391 359.3256
355.1279 357.0848 358.2372
355.1877 357.4552 357.28
354.573 357.7168 356.9402
356.0159 357.6157 357.606
356.8209 357.4128 358.1198
356.9094 357.3389 358.4107
356.7847 357.3161 358.433
356.6604 357.318 358.3704
356.5102 357.3125 358.3456
356.5948 357.1571 358.5567
356.6811 357.0868 358.7544
356.6658 357.0564 359.0338
356.5245 357.0364 359.3049
355.7329 357.132 359.5576
355.5029 357.2224 359.5663
355.3704 357.2321 359.5092
355.2808 357.2166 359.4763
355.2848 357.2188 359.4311
355.4502 357.2587 359.2675
355.6197 357.4292 358.5138
355.2965 357.6455 357.9827
354.874 357.8835 357.4839
354.5615 358.1508 357.1896
354.4536 358.6315 356.6466
352.5513 358.8457 356.7678
352.1126 358.8302 357.1411
353.0002 358.5787 357.9396
354.5348 358.3884 358.8326
355.4001 358.3077 359.308
355.8609 358.5347 359.1776
356.5785 358.826 358.7297
356.2947 359.1543 358.2571
355.6151 359.3322 357.8992
355.9542 359.5338 357.2528
356.6504 359.6884 357.1073
357.3473 359.8469 357.0907
357.7196 359.9584 357.175
357.6771 0.0320327 357.3096
356.7568 359.9648 357.5811
356.1043 359.8747 357.6633
355.5435 359.7241 357.7502
355.1308 359.52 357.8379
354.6887 359.274 357.9625
354.2112 358.7677 358.2145
354.2422 358.4676 358.2952
354.2233 358.1487 358.3983
353.9382 357.8421 358.5092
353.4973 357.5921 358.6576
352.3167 357.1915 359.0179
351.9891 357.0292 359.2456
352.6579 356.8067 359.5002
353.6672 356.5252 359.8635
351.8316 356.4022 0.06703486
351.952 356.5345 359.677
353.4742 356.6887 358.7727
354.1484 356.9569 357.5763
353.4958 357.3586 356.4099
353.5496 357.6747 355.9835
356.6644 357.535 357.2668
357.3162 357.3918 358.251
357.3849 357.3417 358.792
357.1569 357.3897 358.8337
356.8037 357.4057 358.5995
356.2144 357.3252 358.3734
356.0505 357.2003 358.4858
355.7321 357.0576 358.6895
355.2501 356.9938 358.9433
354.6943 357.0025 359.2738
353.4002 357.2169 359.0483
352.8875 357.324 358.7984
352.4885 357.4511 358.6941
352.0696 357.5378 358.7014
351.9456 357.5855 358.8295
352.5954 357.7697 358.5984
352.7903 357.9219 358.2935
353.1012 358.0894 357.9802
353.3709 358.1469 357.8147
353.7716 358.1939 357.7236
353.9412 358.3377 357.1155
351.9096 358.4205 357.0392
351.7985 358.329 357.4354
352.9616 357.8586 358.1416
353.9192 357.4699 358.9932
353.6713 357.2443 359.1987
354.5419 357.3701 358.7955
355.3889 357.6409 358.2462
355.3606 357.8747 357.7459
355.3473 358.0484 357.3532
356.1959 358.433 357.2941
356.7221 358.6231 357.5351
357.1485 358.7531 357.7371
357.3406 358.7679 357.8623
357.0647 358.7322 357.9231
355.5692 358.6293 357.9234
354.8038 358.5821 358.0782
354.1447 358.4551 358.2603
353.6876 358.282 358.4862
353.4008 358.0594 358.8604
353.5192 357.6691 359.2206
353.6614 357.5193 359.2169
353.6935 357.3501 359.2332
353.5947 357.1677 359.3348
353.3182 357.0139 359.3617
352.6684 356.7385 359.7562
353.2888 356.5019 359.9093
354.687 356.2052 359.8569
353.8417 356.0524 359.6335
352.6259 355.9391 359.4895
355.1032 356.0094 358.6663
356.5913 356.2791 357.5786
356.6635 356.707 356.4148
356.4099 357.0992 355.8891
357.2961 357.2493 356.1487
358.7132 357.1234 358.3666
358.5474 357.1589 359.2009
358.2522 357.2701 359.5226
357.9846 357.4498 359.5111
357.8124 357.5752 359.4155
357.6542 357.5659 359.2473
357.317 357.5103 359.1563
356.7353 357.4987 359.0901
356.0292 357.5684 359.0995
355.3292 357.6793 358.9206
354.7052 357.976 358.5155
354.6888 358.1049 358.5447
354.814 358.2063 358.6717
354.8854 358.2824 358.7501
355.0179 358.3051 358.7328
355.2894 358.3233 358.6499
355.2351 358.3149 358.5052
355.1986 358.3144 358.3239
355.0643 358.29 358.0892
355.1501 358.3087 357.851
355.1519 358.4076 357.2917
353.4762 358.4805 357.5217
353.5552 358.3834 357.9011
354.7261 357.8993 358.5688
355.7143 357.4732 359.5941
355.6853 357.0547 0.1351334
356.5457 357.0801 359.8295
357.3569 357.3207 359.2304
357.3801 357.6294 358.6451
357.4693 357.8856 358.2032
358.4982 358.1679 358.1161
358.9351 358.2202 358.2801
359.189 358.2565 358.3122
359.2386 358.2821 358.286
359.0895 358.2698 358.2306
358.0539 358.1525 358.1325
357.3218 358.0676 358.1374
356.6821 357.9644 358.2277
356.1803 357.8474 358.3545
355.8301 357.7426 358.4971
355.9709 357.5589 358.6618
356.2684 357.5278 358.635
356.3743 357.5144 358.5599
356.1101 357.5497 358.4688
355.4798 357.6131 358.5517
354.3027 357.5545 359.2096
354.1892 357.4221 359.4693
355.0598 357.2099 359.5349
355.1786 356.9005 359.5436
352.8293 356.7533 359.423
353.3283 356.8614 358.6552
354.4804 357.0858 357.891
354.3497 357.2958 356.8881
353.6013 357.5355 356.2172
354.0671 357.6583 356.2964
355.897 357.2095 357.9547
355.934 357.0681 358.6844
355.8838 357.0837 358.826
355.8465 357.2374 358.5881
355.7488 357.388 358.2982
355.4775 357.4635 358.2847
355.2267 357.4261 358.5936
354.93 357.4221 359.0248
354.6299 357.5059 359.3613
354.3002 357.6802 359.3638
353.6381 358.1304 358.6642
353.61 358.2565 358.4733
353.7127 358.2518 358.4489
353.9118 358.1718 358.5326
354.4206 358.0621 358.5708
356.122 358.0139 358.2362
356.2311 358.128 357.873
355.9968 358.2949 357.3696
355.563 358.4789 357.0055
355.3258 358.7158 356.8399
355.8898 359.0978 356.4061
353.8917 359.3771 356.1678
353.1375 359.4688 356.2431
353.9026 359.3109 356.9893
354.8322 359.0269 357.9745
354.3923 358.6688 359.3736
354.7394 358.5803 359.4636
355.62 358.5363 359.0733
356.0526 358.5769 358.5022
355.8854 358.5592 358.1196
356.5411 358.6524 357.3749
357.3595 358.7954 357.1329
358.1458 358.9831 357.0763
358.7631 359.14 357.1532
359.1064 359.2329 357.3682
358.708 359.31 357.7782
358.123 359.3356 357.9148
357.5231 359.3262 357.9973
356.9193 359.2554 358.0506
356.2956 359.1307 358.13
355.223 358.7798 358.4338
354.9158 358.5968 358.6743
354.6989 358.3768 358.9883
354.5548 358.1552 359.299
354.2118 357.8208 359.8141
353.8883 357.7164 0.01579039
353.537 357.6332 0.1888546
353.9623 357.4995 0.3119048
354.6171 357.255 0.3601277
352.0479 357.2155 359.9139
352.8148 357.5391 359.3983
354.1552 357.8569 358.1612
354.8971 358.1786 356.815
354.6169 358.516 355.7418
356.7748 358.4529 355.9718
358.2023 358.0989 356.9635
358.2762 357.88 357.791
357.8743 357.8587 358.0431
357.5099 357.9317 357.8247
357.3891 358.1165 357.1154
357.3904 358.1209 357.1841
357.3073 358.0928 357.6202
357.0733 358.0729 358.2676
356.7683 358.1459 358.8967
356.4178 358.3164 359.2043
355.8972 358.8361 358.8115
355.8016 359.0415 358.5541
355.7028 359.1568 358.3944
355.5363 359.2076 358.3803
355.6032 359.2198 358.4626
356.4208 359.3324 358.6611
356.6469 359.4954 358.6114
357.0027 359.6932 358.4782
357.4589 359.9556 358.3234
359.8295 0.40391 358.1075
359.0139 0.5140854 357.8484
357.754 0.3857569 357.8736
358.0663 0.04557048 358.5396
359.3936 359.3679 359.5429
0.5324934 358.3585 1.089175
0.9453571 358.3227 0.9940886
1.901467 358.4956 0.3560186
1.991438 358.9514 359.5728
1.182072 359.35 358.932
0.5634449 359.8822 358.3093
0.5734107 0.06272888 358.5642
0.6539335 0.2103423 358.8745
0.8597652 0.3102662 359.1469
0.9271039 0.3531103 359.2841
0.1872522 0.3978681 359.3656
359.4777 0.3576185 359.3708
358.8388 0.2153554 359.4185
358.35 359.9892 359.5461
358.0549 359.6865 359.6424
357.9101 359.0628 359.6461
357.9914 358.7996 359.5429
358.2587 358.5456 359.5096
358.5274 358.2677 359.593
358.4363 358.008 359.8001
357.8726 357.6398 0.3982324
357.8308 357.5432 0.5543277
358.6342 357.3987 0.5494856
359.5112 357.1813 0.5044866
357.5658 357.0694 0.1998725
356.977 357.2932 359.37
358.3054 357.4694 358.2407
358.5144 357.6996 357.1046
357.5066 358.0089 356.3733
357.5147 358.0397 356.3486
359.4503 357.4921 357.5321
359.6309 357.3109 358.124
359.7565 357.2901 358.4032
359.8916 357.3561 358.4187
359.8845 357.4292 358.3858
359.517 357.5251 358.8124
359.1573 357.526 359.1317
358.662 357.5341 359.3797
358.0786 357.5837 359.5448
357.4997 357.6751 359.4806
356.7273 358.0141 359.0796
356.6486 358.1798 358.9988
356.6028 358.2998 359.1007
356.6539 358.4216 359.1959
356.8811 358.59 359.127
357.618 358.963 358.8181
357.6588 359.1056 358.6589
357.331 359.2267 358.4865
356.8482 359.3625 358.3148
356.6855 359.541 358.1634
358.3138 359.9351 357.7111
355.846 0.2439054 357.3991
353.9722 0.4404876 357.4687
354.0795 0.2962066 358.1734
354.9149 359.8706 359.3952
355.192 359.0062 1.158368
356.135 358.8293 1.074659
357.4167 358.8131 0.3944144
357.8549 358.856 359.5272
357.9078 358.8226 358.8106
358.8562 358.7198 357.5731
359.5471 358.6724 357.4367
0.07513812 358.6024 357.4637
0.2928564 358.5825 357.5468
0.1770341 358.6179 357.6093
359.4736 358.7824 357.6441
359.0077 358.8601 357.6832
358.505 358.8914 357.7717
358.0799 358.875 357.8535
357.7891 358.7914 358.0265
357.7359 358.4146 358.702
357.9275 358.1811 358.9566
357.9219 357.98 358.9665
357.6127 357.809 358.8102
357.1372 357.6901 358.6319
355.9268 357.4688 358.9193
355.4353 357.3206 359.2846
355.7749 357.1311 359.3869
357.028 356.9507 359.4232
355.9534 356.9281 359.4744
355.0364 357.2019 359.3498
356.4197 357.3278 358.503
357.2065 357.6672 357.3931
356.9539 358.064 356.1569
357.0929 358.3838 355.6058
0.1034573 358.0467 356.9297
0.5534096 357.6994 357.8367
0.4086795 357.5124 358.353
0.1178726 357.5034 358.5336
359.7615 357.5576 358.3373
358.9874 357.6112 357.9308
358.701 357.588 358.0522
358.4741 357.5588 358.4358
358.1706 357.532 358.971
357.8125 357.5115 359.3882
357.1553 357.7151 359.1205
357.0206 357.9251 358.8156
357.0845 358.1602 358.5489
357.2539 358.3866 358.3888
357.4568 358.5093 358.3784
358.2747 358.5977 358.5421
358.4669 358.6808 358.4591
358.2553 358.7778 358.1518
357.9743 358.909 357.7419
357.5264 359.0605 357.4304
357.3546 359.3945 357.2854
357.372 359.6263 356.9363
355.0668 0.0421335 356.551
354.0172 0.3114163 356.728
354.347 0.3036253 357.5302
354.3662 0.0753989 359.1196
354.4704 359.883 359.4066
355.35 359.7316 359.2521
356.3882 359.6671 358.8223
356.7455 359.5852 358.3583
356.9052 359.5167 357.806
358.2037 359.6342 356.8732
358.921 359.7428 356.9822
359.4673 359.888 357.2745
359.7905 359.9673 357.6551
359.4585 0.09237026 358.1718
358.9707 0.1005759 358.2984
358.4998 -0.0002631525 358.4627
358.1563 359.8133 358.6137
357.9512 359.5174 358.7621
357.6598 358.7178 359.2753
357.653 358.334 359.5228
357.5817 358.0158 359.5731
357.3613 357.8527 359.4182
357.0293 357.8191 359.2529
356.0195 357.7488 359.1882
355.3953 357.6881 359.2528
355.1822 357.5596 359.2926
355.7825 357.3699 359.2263
355.4902 357.2095 359.0986
352.1297 357.4362 358.8833
353.0797 357.5081 358.81
354.7661 357.6821 358.0126
355.4763 357.8389 357.0153
355.0111 358.0309 356.2596
356.3835 357.7825 356.8386
357.1834 357.4053 357.6605
357.4282 357.158 358.351
357.652 357.0437 358.519
357.8841 357.0569 358.2182
358.2254 357.3109 357.8791
358.2111 357.4054 358.2391
357.9758 357.4781 358.7177
357.5352 357.6278 359.208
356.9994 357.8893 359.5482
355.8969 358.478 359.6366
355.5651 358.6436 359.429
355.517 358.6666 359.2173
355.616 358.6335 359.1747
355.9403 358.6017 359.3345
357.1436 358.6765 359.6522
357.5979 358.7807 359.8477
357.8839 358.9792 359.9288
357.9332 359.2004 359.9225
357.3119 359.5827 359.873
357.2728 359.6998 359.6964
357.915 359.7724 359.4535
356.8196 359.8115 359.2566
355.1671 359.8149 359.3956
355.4457 359.7368 359.8113
358.0226 359.2403 1.122041
358.2771 359.104 1.528615
358.3447 359.0885 1.442282
358.8455 359.2214 0.7823747
359.0351 359.4381 359.9097
358.4997 359.6525 358.3501
358.687 359.6429 357.9964
358.9099 359.6049 358.0905
359.1411 359.5381 358.3773
359.4263 359.4056 358.693
359.247 359.3574 358.7262
358.816 359.2885 358.7941
358.1336 359.19 358.9102
357.3752 359.058 358.939
356.0406 358.8118 358.8419
355.5032 358.652 358.9027
355.0596 358.4603 359.1508
354.8984 358.2511 359.4405
354.9609 358.0198 359.6984
355.1469 357.7981 359.8805
355.1839 357.4052 0.2128133
355.0375 357.1767 0.4770787
355.0078 356.9214 0.7931477
355.4288 356.6664 0.9976287
356.9656 356.3316 1.092518
356.2731 355.3647 1.706967
356.3162 355.1158 1.553155
357.379 355.0449 0.9240187
358.0167 355.3258 359.8722
357.0439 355.6587 358.6493
355.9872 356.168 357.7105
357.2846 356.0195 358.344
358.3473 355.6842 359.3064
358.919 355.4228 0.03868446
359.085 355.4785 0.1396431
358.6597 355.6063 359.8731
358.2578 355.6625 359.9117
357.8684 355.6645 0.05236929
357.4355 355.6606 0.2140201
356.2344 355.8583 0.426615
355.5422 356.0902 0.3568495
354.8766 356.3742 0.1554859
354.424 356.6251 359.96
354.239 356.8312 359.9477
354.3773 357.0503 0.2176253
354.6603 357.1772 0.1906467
355.1187 357.3678 0.01775389
355.5822 357.6087 359.7855
355.7575 357.901 359.4668
355.5585 358.4982 358.8884
355.5154 358.7157 358.664
355.9274 358.9329 358.3728
356.8154 359.1335 358.1351
355.3782 359.3179 357.7948
354.8478 359.4894 358.1713
356.4155 359.2775 358.9724
356.9017 359.1113 359.9332
356.2502 358.9556 0.3480457
356.2611 358.9142 0.3056816
358.3606 359.1508 358.8173
358.3167 359.2596 358.0549
358.2796 359.2825 357.4591
358.5154 359.2918 357.2936
358.6433 359.2445 357.6537
359.0411 359.1818 358.3891
359.2834 359.1848 358.4621
359.2978 359.1727 358.4582
359.0518 359.1156 358.5135
358.4486 358.9985 358.6206
356.9194 358.6447 358.6728
356.4072 358.4366 358.6595
355.9995 358.2311 358.716
355.7768 358.0338 358.7669
355.7156 357.8775 358.7105
356.0389 357.6662 358.473
356.3633 357.5786 358.5026
356.5688 357.4502 358.8299
356.5357 357.328 359.1718
356.3682 357.2665 359.3782
357.4773 357.1683 359.7719
355.1759 357.1694 359.7711
353.5468 357.2682 359.6702
354.0111 357.4749 359.5238
355.8698 357.5997 358.6065
357.6663 357.6654 357.3401
357.4457 357.9209 356.3247
358.141 357.6422 356.9842
358.8059 357.2764 357.8329
358.6651 357.0564 358.5449
358.4512 356.9855 358.7863
358.4737 357.0533 358.5024
358.3731 357.0996 358.3397
358.2733 357.1232 358.3358
358.1126 357.1798 358.3836
357.1583 357.3095 358.7592
356.5838 357.4146 358.7894
356.0268 357.5697 358.5374
355.5667 357.7635 358.2949
355.3233 357.9134 358.1854
355.399 358.0122 358.3531
355.5637 358.0549 358.5032
355.786 358.1541 358.5192
356.1768 358.339 358.3801
356.4791 358.5963 358.0962
356.339 359.0262 357.6111
355.9382 359.1417 357.5347
356.1888 359.2691 357.3577
355.7626 359.3832 357.0956
353.2789 359.5354 357.2022
353.1167 359.1952 357.9669
355.0858 358.9694 358.5746
356.5231 358.8863 358.8377
356.6788 358.9993 358.5297
356.5308 359.297 358.1081
356.1006 359.829 357.0341
355.307 359.9661 356.6413
355.0911 0.004589512 356.3073
355.4624 359.9874 356.1897
356.2184 359.9119 356.2675
357.6387 359.7212 356.8015
357.64 359.6861 357.0911
357.1783 359.6986 357.2966
356.5559 359.6928 357.4277
355.762 359.6654 357.5399
354.503 359.4617 357.6116
354.1942 359.2872 357.7325
354.1136 359.0643 357.8759
354.2839 358.8729 357.9047
354.6758 358.7788 357.7756
355.2528 358.6735 357.5958
355.1117 358.5927 357.8838
354.749 358.5033 358.3745
354.2568 358.4095 358.9107
353.881 358.3722 359.2538
355.351 358.179 359.5768
355.1682 357.9647 359.6094
353.7563 357.8077 359.5726
353.8651 357.8183 359.3328
354.852 357.7928 358.6435
356.8398 358.2373 356.638
356.0996 358.4609 356.0989
356.2556 358.4976 356.1623
357.3574 358.2372 356.784
357.9926 357.8749 357.54
358.1929 357.5425 358.1198
358.0737 357.5493 357.9212
357.7613 357.5535 357.7643
357.407 357.509 357.8546
357.1118 357.3932 358.1309
356.4115 357.3378 358.7905
355.811 357.459 358.9671
355.0338 357.6376 358.9451
354.3279 357.8457 358.702
353.9799 358.0415 358.4217
353.8657 358.3934 358.3618
354.2057 358.5329 358.3632
354.8722 358.659 358.419
355.7629 358.8436 358.4319
356.4971 359.0372 358.393
356.4839 359.3382 358.3869
356.0592 359.3846 358.3684
355.767 359.5026 358.327
356.1166 359.6686 358.183
357.1319 359.7973 357.9105
354.3008 359.8481 357.5028
354.7986 359.6539 357.8035
356.0575 359.4718 358.0764
356.8206 359.5398 358.5707
356.725 359.667 358.8145
356.609 359.9182 358.5823
357.0079 0.02964219 358.0566
357.0261 0.09348793 357.3541
357.0687 0.1084319 356.6411
357.3571 0.0968949 356.0763
358.0548 0.08563809 356.1873
358.2805 0.09668107 356.4846
358.3579 0.09325844 356.6852
358.0618 0.05196143 356.7485
357.4063 0.01574866 356.8543
355.8161 359.739 357.1582
355.1432 359.5784 357.2256
354.6323 359.4592 357.3793
354.3561 359.3467 357.6599
354.2573 359.1488 358.2687
354.287 359.0122 358.3429
354.2668 358.863 358.353
354.281 358.617 358.3629
354.195 358.4132 358.2842
354.0158 358.2848 358.3052
354.1543 357.9807 358.9174
355.1416 357.6843 359.1124
355.7983 357.3526 359.0973
353.4043 357.1855 359.0306
352.3176 357.1428 358.6769
354.4086 357.2526 357.2639
355.7167 357.2894 356.149
355.3616 357.517 355.3231
355.1578 357.6717 355.2208
356.3908 357.4791 355.9159
358.0392 356.8194 357.9271
357.8016 356.6991 358.3882
357.5658 356.6774 358.4081
357.4052 356.6734 358.2075
357.2458 356.6588 358.0816
356.7714 356.675 358.2688
356.3462 356.7602 358.4016
355.799 356.8827 358.5879
355.3251 357.0736 358.6321
354.6433 357.544 358.2343
354.5469 357.7715 358.0336
354.6272 357.968 357.9614
354.9717 358.1075 358.05
355.4409 358.2238 358.1844
356.687 358.5375 358.2037
357.1201 358.7893 358.0676
357.0289 359.0487 357.7903
356.544 359.2715 357.4907
356.0948 359.5154 357.3148
356.7572 359.9402 357.0811
355.5524 0.1326061 356.8967
354.6744 0.2049848 357.3132
355.0835 0.03601703 358.1493
355.887 359.7376 359.0803
355.8019 359.4321 359.9052
356.1606 359.4858 359.7229
357.2163 359.6191 359.1543
357.9439 359.8317 358.3633
357.7838 359.9218 357.7249
357.7249 359.8306 356.9484
357.9628 359.7043 357.0239
358.0816 359.5798 357.2395
358.0997 359.4869 357.4433
357.9984 359.429 357.6268
357.3138 359.2936 358.0652
356.762 359.1794 358.268
356.1627 359.0136 358.4569
355.7154 358.7965 358.6253
355.3191 358.5808 358.8208
354.6249 358.1329 359.223
354.4559 357.9162 359.2793
354.4325 357.6687 359.3425
354.5354 357.3894 359.3089
354.5715 357.1298 359.3495
354.4633 356.901 359.5559
353.8351 356.4616 0.1995628
354.1205 356.269 0.3879249
354.7044 356.0855 0.4251143
352.9493 355.9915 0.3363467
351.7961 355.9648 0.6198263
352.7535 355.8683 359.9786
353.2878 355.878 358.8715
352.9219 356.0057 357.8772
352.6757 356.0452 357.5751
354.449 355.4901 358.4698
355.0118 355.2336 359.2812
355.4948 355.1287 359.8137
356.0085 355.1842 359.8013
356.3509 355.3693 359.4756
356.4418 355.5732 359.3221
356.1969 355.7927 359.4527
355.7664 355.9021 359.5864
355.3085 356.0579 359.7329
354.7137 356.2028 359.8925
353.6653 356.5502 359.7664
353.4661 356.7311 359.5154
353.4297 356.8853 359.3715
353.4622 357.0965 359.3444
353.6075 357.3463 359.4291
354.3595 357.777 359.7149
354.6599 357.9913 359.7906
354.622 358.2141 359.6604
354.4231 358.454 359.2345
354.352 358.7371 358.818
355.4967 359.3033 358.3638
354.3267 359.6212 358.1642
352.4904 359.8979 358.2305
352.5353 359.9207 358.6729
353.8403 359.7083 359.3835
355.4721 359.2979 0.372104
355.274 359.2118 0.365022
355.6183 359.1812 0.2493031
356.1184 359.0996 359.8518
356.028 358.9205 359.2249
356.6692 358.5811 357.826
357.4744 358.4937 357.4232
358.1258 358.4143 357.4101
358.3542 358.3494 357.5725
358.2617 358.3161 357.8162
357.4243 358.278 358.1731
356.8229 358.2687 358.2869
356.2205 358.2425 358.3894
355.7754 358.2141 358.4799
355.5377 358.1471 358.6475
355.1691 358.0535 358.9706
355.1105 358.0533 359.0025
355.1131 358.0277 359.0605
355.206 357.9448 359.1834
355.3763 357.8319 359.3944
355.4319 357.8163 359.9514
355.2057 357.8807 0.09358127
354.9263 357.9323 0.1016841
355.2251 357.8885 0.1632372
356.2457 357.6912 0.2179287
353.9773 357.3547 -0.002921826
354.2783 357.4459 359.748
355.2429 357.417 358.9885
355.7013 357.548 357.8838
354.8663 357.6702 356.7556
355.6733 357.5814 356.3901
357.395 357.2177 357.1989
358.3336 356.8734 358.1856
358.807 356.6902 358.8718
359.0776 356.6898 359.0786
358.8245 357.0097 358.4883
358.6173 357.2801 358.5108
358.4979 357.5646 358.66
358.4081 357.8966 358.8853
358.2421 358.2501 359.2495
357.7715 359.0605 359.8315
357.5036 359.4211 359.8013
357.3479 359.6447 359.7137
357.2965 359.6935 359.706
357.3039 359.6144 359.7482
357.9656 359.2042 359.9767
358.3285 358.9855 0.06791978
358.5329 358.8385 0.08575419
358.4286 358.7803 0.06199306
357.9928 358.8185 359.8692
356.849 359.2675 359.1817
356.6722 359.6179 358.926
357.04 359.8263 358.9306
356.0887 359.9421 359.1367
354.3317 0.03055585 359.5645
355.6077 359.825 0.8497581
356.1805 359.6791 1.729412
355.8851 359.51 2.173027
355.6754 359.4152 2.222255
356.2826 359.4425 1.773502
357.0491 359.6381 0.2162595
357.0492 359.6532 359.5245
357.5161 359.599 358.952
358.2595 359.4728 358.7529
358.8922 359.2773 358.9109
359.286 358.9058 359.3109
359.0138 358.8303 359.3543
358.3908 358.793 359.345
357.6679 358.7712 359.396
356.9844 358.7396 359.4794
356.1185 358.5201 359.6493
355.9084 358.3479 359.6358
355.7182 358.1662 359.5963
355.5345 358.0242 359.5385
355.3678 357.8325 359.5047
355.2571 357.4705 359.6771
355.1916 357.3377 359.8887
355.0115 357.266 0.1692396
354.7884 357.1779 0.5321446
354.5874 357.0613 0.892027
355.8244 356.7006 1.283115
356.1025 356.4353 1.664814
354.0711 356.2228 1.655673
353.4091 356.2257 1.247597
353.5619 356.2257 0.4739591
352.9038 356.5475 358.1422
352.6367 356.6484 357.3251
353.4359 356.6046 356.974
354.8229 356.3751 357.1931
355.8561 356.1294 357.7388
357.2583 355.9933 358.9438
357.716 356.0625 359.1579
357.7751 356.2102 359.1335
357.6239 356.4033 359.1565
357.4037 356.5717 359.359
356.5983 356.7114 0.2788828
356.0822 356.7488 0.6772478
355.5951 356.7793 0.7269938
355.2367 356.8378 0.3403644
355.0127 356.9226 359.8465
354.9268 357.1135 359.6985
355.2767 357.206 359.9518
355.6883 357.3292 0.1796217
356.0194 357.4603 0.2158035
356.1891 357.5719 0.315394
355.5531 357.7621 0.06706809
354.976 357.9216 359.7015
354.4666 358.1432 359.2637
354.748 358.3084 358.916
355.1601 358.3633 358.6987
352.5826 358.2555 359.0543
353.312 358.024 359.5147
354.0918 357.8129 0.2833204
354.2495 357.6999 1.087229
354.5375 357.6535 1.613998
356.1685 357.8412 0.922621
356.4209 357.9828 359.8696
356.6086 358.0904 358.8026
357.1429 358.1974 357.9464
357.8409 358.1803 357.7193
358.6726 357.9496 358.2701
358.826 357.8876 358.4514
358.7365 357.9263 358.5923
358.384 358.0184 358.6286
357.7521 358.1541 358.6408
356.1385 358.3687 358.7414
355.4173 358.4354 358.7369
354.8046 358.4266 358.8674
354.3229 358.3285 359.1539
353.9673 358.1868 359.426
353.7882 357.9976 359.4489
353.8673 357.9108 359.4419
353.9558 357.8195 359.5739
353.9534 357.6981 359.8323
353.8417 357.592 0.2160756
354.216 357.4292 0.8223845
355.148 357.2835 1.064667
354.9362 357.1028 1.102166
352.7696 356.9874 0.9061463
352.3454 357.0887 0.4360555
353.634 357.2978 358.133
353.6887 357.3785 357.0598
354.2333 357.4228 356.7595
355.5589 357.2624 356.7656
356.9168 356.931 357.2872
358.2793 356.4731 358.6169
358.5821 356.4008 358.7838
358.5296 356.3918 358.5724
358.2446 356.4349 358.2765
357.7664 356.6058 358.0013
357.2105 356.7002 358.1268
356.43 356.7928 358.4745
355.6119 356.9517 358.963
354.8686 357.1819 359.2867
354.1447 357.5533 359.281
354.2101 357.6154 359.3752
354.5459 357.6358 359.71
355.1821 357.6739 0.02535176
355.9156 357.747 0.09534571
356.6077 357.9982 359.9351
356.0506 358.1256 359.8967
355.3052 358.2363 359.7272
354.5954 358.3973 359.4412
354.3275 358.5507 359.3072
354.7715 358.6766 358.903
352.4645 358.6825 359.2212
352.0509 358.5362 359.6873
352.9362 358.1294 0.4990211
353.8338 357.7251 1.552441
353.4698 357.2817 1.710606
354.0112 357.3829 0.9588084
354.7429 357.5576 0.1442686
354.9433 357.6921 359.4559
355.3525 357.7293 358.7506
355.9435 357.7173 358.2669
356.6073 357.7198 358.4182
356.6918 357.747 358.5492
356.6497 357.7983 358.6408
356.4779 357.8825 358.5795
355.5736 358.1042 358.3062
354.9275 358.1189 358.1737
354.3341 358.0732 358.2602
353.9359 357.9614 358.4987
353.6711 357.8223 358.8153
353.6404 357.5603 359.3342
353.7293 357.3709 359.4693
353.8275 357.1805 359.5758
353.9868 357.0173 359.7491
354.1034 356.86 0.02710123
354.1087 356.6758 0.8070513
354.3015 356.6896 1.041513
355.5015 356.6202 1.075003
355.9281 356.5228 1.035222
353.2844 356.5363 0.9458001
353.2233 356.887 0.06504774
353.8595 357.0813 359.1673
353.4117 357.1729 358.1514
353.0076 357.2724 357.4582
354.0917 357.2063 357.2816
356.9071 356.4501 358.5521
357.0554 356.1635 359.0002
357.1722 355.9992 359.0414
357.1291 355.985 358.7323
356.8808 356.1089 358.3218
356.0286 356.6566 357.6544
355.5406 356.9772 357.5627
355.0482 357.3716 357.6287
354.6017 357.7717 357.8413
354.1567 358.153 357.9232
353.5495 358.8266 357.4498
353.5616 359.0294 357.1771
353.7246 359.0946 357.1077
354.0153 359.0406 357.3367
354.3955 358.8446 357.8153
355.7146 358.4352 358.0682
356.0392 358.3648 357.8318
355.7324 358.4271 357.4545
355.1257 358.5688 357.1526
354.6295 358.7872 356.8833
355.2904 359.3085 356.4796
354.0964 359.6286 356.0403
352.0546 0.001525827 356.3611
352.0873 0.08290802 357.0912
353.1841 359.9901 358.0547
354.146 0.3103369 359.2642
354.9095 0.5472829 359.0257
356.2633 0.8011158 358.3449
357.0859 1.082082 357.4323
356.963 1.225498 356.4134
356.9105 1.247968 354.8378
357.6269 1.184898 354.8477
358.4278 1.048612 355.2446
359.0447 0.9321929 355.597
359.2638 0.8912622 355.8763
358.628 0.8057759 356.3531
357.9525 0.7110783 356.5497
357.2603 0.6789114 356.631
356.5847 0.6807917 356.5916
355.9759 0.7510032 356.5411
355.3385 0.7578754 356.4224
355.3206 0.6263714 356.6433
355.4408 0.4776467 356.8421
355.4794 0.33198 356.8876
355.3888 0.2212064 356.8152
354.9216 0.004128313 356.7249
354.3303 359.8468 356.8207
353.7609 359.6893 356.9289
353.4859 359.4966 357.0281
353.9036 359.2104 357.0923
353.196 358.76 356.4427
352.7736 358.8283 356.42
353.6943 358.8929 356.6388
355.448 358.8767 356.3203
356.6501 358.899 355.703
356.5781 359.0703 355.3999
357.0912 358.8036 355.9417
357.1812 358.3766 356.487
356.6954 358.0536 356.6748
356.471 357.8432 356.5336
356.8778 357.734 355.9224
357.1182 357.8185 355.9606
357.1377 357.9914 356.1751
356.7488 358.1867 356.5018
356.0189 358.3715 356.9569
354.5765 358.7425 357.9753
354.0958 358.9666 357.972
353.7744 359.129 357.4964
353.592 359.2086 356.9945
353.6569 359.1359 356.6693
354.4419 358.7126 356.8623
354.9521 358.5107 356.9414
355.5049 358.3979 356.7203
355.968 358.4063 356.4748
356.0302 358.4665 356.1984
355.0604 358.8443 355.6028
354.3943 359.1459 355.1582
354.3079 359.4653 354.764
354.7573 359.6728 354.312
352.8889 359.9896 354.2133
352.3939 359.6561 355.9645
353.6823 358.991 357.3889
354.6231 358.4961 358.4292
355.2793 358.2847 358.6591
356.0131 358.3438 358.277
356.2736 358.7454 356.406
355.5503 358.9067 355.7605
355.4213 358.9814 355.351
355.8113 358.9914 355.3237
356.4672 358.9497 355.5031
357.6397 358.9903 355.7388
357.6968 359.1107 355.7799
357.4053 359.2323 355.92
356.8893 359.2688 356.1449
356.2648 359.292 356.4209
355.2578 359.1682 356.6152
354.9729 359.0592 356.5614
354.7223 358.9408 356.4329
354.4632 358.8307 356.4315
354.2956 358.6914 356.6105
354.2293 358.4899 356.8646
354.1834 358.4663 356.9262
354.0823 358.4146 357.2205
353.8441 358.3023 357.6852
353.2601 358.192 358.0449
353.1451 357.8042 358.5157
353.2528 357.4838 358.5897
351.6158 357.3208 358.4377
351.2106 357.1898 358.3362
351.9541 357.0285 358.2281
354.4008 356.7904 356.8551
354.3781 356.8198 356.2707
354.0309 356.7659 356.2078
354.4318 356.5391 356.5676
354.9448 356.2282 357.1855
355.5448 355.7931 358.3704
356.0194 355.7431 358.4266
356.4516 355.8124 358.1777
356.7345 355.9613 358.028
356.886 356.1174 358.1573
356.4083 356.407 358.8802
355.7461 356.532 359.2298
354.9522 356.6853 359.3049
354.1663 356.8423 359.0364
353.2751 356.993 358.5223
353.2417 356.9546 358.4803
353.52 356.8715 358.6056
354.161 356.8414 358.7235
354.7614 356.8655 358.7218
355.123 356.9812 358.6133
354.8849 357.384 358.1349
354.344 357.5836 357.7431
353.5019 357.7648 357.3141
352.7446 357.842 357.0366
352.584 357.8875 357.0133
354.1641 358.0975 356.7272
353.1559 358.2751 356.5387
353.096 358.1899 356.5107
353.1986 357.8268 356.7938
352.9241 357.4764 357.5016
352.447 356.7811 357.98
353.0142 356.5509 357.5405
353.4451 356.5937 356.7706
353.669 356.7456 355.9807
354.9379 356.9889 355.0479
355.7996 357.043 355.3776
356.4797 357.0379 356.139
356.89 357.0185 356.8667
356.9761 357.0284 357.4105
355.9997 357.0345 357.9713
355.1696 356.9904 358.0525
354.4047 356.9136 358.1088
353.7964 356.7489 358.1824
353.2757 356.523 358.3391
352.3946 356.3127 358.9358
352.2587 356.3104 359.1462
352.2893 356.2895 359.2911
352.5424 356.2661 359.4291
352.8389 356.2997 359.5585
352.9257 356.322 0.06093593
352.6102 356.3086 0.4473584
352.4683 356.2187 0.7902414
353.1043 355.9912 0.9846726
353.4234 355.5865 1.179329
351.5119 354.9907 0.7399648
352.2341 354.9959 359.9581
352.7972 355.1805 358.6928
352.2638 355.503 357.6204
351.9344 355.8988 356.9384
354.2142 355.9898 357.1404
354.979 355.8233 358.0339
355.4171 355.7194 358.7899
355.6478 355.7051 359.1721
355.5147 355.7169 359.1818
354.8463 355.8156 359.1461
354.5976 355.9459 359.1824
354.2923 356.0843 359.1371
353.7642 356.2098 359.201
353.0571 356.3524 359.3515
351.5773 356.5426 359.2398
351.2168 356.6008 359.0637
351.2735 356.6933 358.952
351.6686 356.817 358.8996
352.2411 356.9644 358.9022
353.1467 357.3376 359.0423
353.369 357.5264 359.0422
353.1646 357.7182 358.8717
352.5659 357.9788 358.4665
351.9138 358.2902 358.0748
351.9695 358.7943 358.2049
353.5173 358.9226 358.1489
353.0794 359.1107 357.8169
351.9172 359.3361 357.6344
352.1987 359.4384 358.0162
353.0565 358.8577 0.7265543
352.8511 358.3987 1.557738
353.5272 358.2099 1.418216
354.966 358.3068 0.405053
356.0526 358.5141 359.2948
356.3777 358.7216 358.0544
356.2479 358.6977 358.1125
356.1398 358.6529 358.4186
356.2817 358.6071 358.6171
356.6687 358.6324 358.6071
357.1008 358.728 358.46
357.1547 358.9914 358.0692
356.607 359.1473 358.0659
355.9204 359.2252 358.1366
355.2497 359.2497 358.145
354.1274 359.1169 358.3379
353.8845 358.9796 358.5746
353.8408 358.8146 358.7986
353.9435 358.6055 358.9491
354.1446 358.4805 358.9899
354.0143 358.31 359.0257
353.6697 358.2027 359.1882
353.351 358.0864 359.453
353.5596 357.9999 359.7058
354.794 357.7612 359.8542
352.8452 357.5209 359.8207
353.1398 357.7049 359.3296
354.4941 357.8235 358.3723
355.7733 358.1543 357.2535
355.7107 358.5221 356.2193
356.7672 358.6624 356.6341
358.0558 358.2439 357.5735
358.3994 357.7865 358.272
358.4473 357.4547 358.6586
358.4579 357.3374 358.6097
358.1924 357.339 357.4576
358.0535 357.2714 357.2005
357.8644 357.1356 357.3015
357.6087 357.0153 357.584
357.2811 356.8914 357.9901
356.1266 356.869 358.1541
355.3467 357.0725 357.5388
354.6537 357.3539 356.8447
354.2259 357.587 356.5561
354.1034 357.7585 356.7508
354.7336 357.9071 357.5718
355.4808 358.014 357.6456
356.0396 358.1698 357.6859
356.1292 358.3001 357.6753
355.8312 358.3878 357.5311
354.8979 358.5804 356.8511
355.499 358.6398 356.6342
355.6127 358.6914 356.2954
353.7346 358.9709 356.2176
353.6257 359.0231 356.5255
355.1443 358.676 358.6425
355.3151 358.5803 359.3879
355.7159 358.6147 359.5568
356.4322 358.8009 359.1477
356.8654 359.1051 358.3932
356.1759 359.7388 357.0119
356.2986 359.9917 356.5373
356.7736 0.222092 356.3936
357.2902 0.3889529 356.5842
357.6607 0.4946738 356.875
357.6576 0.6613711 357.402
357.2184 0.7055365 357.5703
356.5533 0.7228268 357.76
355.8603 0.5860991 357.9119
355.2524 0.3754237 358.0168
354.0925 359.9037 358.2577
353.6673 359.7027 358.5098
353.4534 359.498 358.7575
353.4295 359.2924 358.9718
353.5654 359.0267 359.1636
353.6828 358.5191 359.3467
353.6632 358.3673 359.3717
353.5412 358.3225 359.4225
353.4784 358.3615 359.48
354.2662 358.3476 359.4838
352.0776 358.4594 359.5728
351.5462 358.7686 359.1174
352.2887 358.9495 358.5677
353.6314 359.0901 357.6139
354.6311 359.0712 356.7339
355.837 358.7119 356.6576
356.7913 358.1969 357.4343
357.0915 357.6924 358.2611
356.8676 357.3234 358.8284
356.739 357.0584 358.9098
356.6903 356.7882 357.9357
356.5334 356.674 357.8107
356.3195 356.5409 357.9417
356.0681 356.4629 358.3553
355.6244 356.4317 358.9383
354.3202 356.5314 359.7862
353.6581 356.7264 -0.003995766
353.2509 356.9703 359.9281
353.1711 357.2135 359.715
353.3694 357.421 359.5481
354.3487 357.7552 359.5863
355.0664 357.898 359.7047
355.8952 358.0698 359.7734
356.5415 358.2648 359.7531
356.7292 358.4556 359.4925
356.2535 358.8122 358.7229
356.2462 359.0241 358.4879
356.9829 359.1634 358.3725
356.9104 359.3189 358.2622
354.7028 359.5461 358.3867
354.4577 359.4748 359.3084
355.3631 359.2982 0.4162376
355.5845 359.1478 1.180837
355.5428 359.1375 1.38156
356.1558 359.3093 0.9697603
356.8665 359.7734 359.0499
356.9435 359.8704 358.2119
357.2239 359.861 357.7631
357.5337 359.7526 357.8848
357.8559 359.5886 358.3044
358.4504 359.3335 358.462
358.3513 359.2851 358.2599
358.0461 359.231 358.0284
357.5021 359.1741 357.775
356.8622 359.0566 357.4642
356.0613 358.6682 357.2295
355.882 358.5332 357.1102
355.8793 358.451 356.9532
356.103 358.4149 356.9276
356.7423 358.3591 357.3535
356.9373 358.3228 357.7549
356.9118 358.2398 358.1976
356.5629 358.1767 358.5063
355.9359 358.1657 358.6873
355.5205 358.074 359.1449
355.97 357.8112 359.2568
354.9576 357.6039 359.2899
353.638 357.4914 359.1672
353.8724 357.5273 358.7165
355.7772 357.5193 357.2401
355.3654 357.5226 356.6168
355.1807 357.4265 356.3883
355.8983 357.1877 356.6741
356.3745 356.8992 357.1838
356.2806 356.7913 357.5702
356.5606 356.8267 357.7282
356.6493 356.8629 357.5957
356.5597 356.8723 357.5141
356.4282 356.857 357.6357
355.6185 356.9146 358.0581
354.7218 357.0506 358.309
353.6787 357.2514 358.5774
352.629 357.5131 358.8322
351.7378 357.8012 358.991
350.4977 358.2276 358.921
350.2084 358.3505 358.8519
350.1606 358.396 358.7788
350.4773 358.4225 358.8117
351.1843 358.4783 358.9594
352.6646 358.7164 359.3323
352.9956 358.8947 359.1805
352.8907 359.1739 358.8193
352.5793 359.4666 358.362
352.778 359.6988 358.0009
353.5825 359.9025 357.6292
351.0032 0.3341367 357.5693
351.4332 0.3711955 358.2671
353.2233 0.1473341 359.3044
354.6036 359.9018 0.300513
354.731 359.6227 0.5271755
355.356 359.7375 359.8499
355.8343 359.8507 359.0304
355.6453 359.8749 358.3202
355.638 359.8849 357.7978
356.3072 359.7892 358.0169
356.6698 359.7092 358.4856
357.0901 359.6281 358.812
357.4218 359.5405 359.0452
357.4336 359.4493 359.12
356.2373 359.2046 358.964
355.3335 359.0287 358.8061
354.448 358.853 358.6914
353.6867 358.6983 358.6096
353.0982 358.5106 358.6248
352.693 358.1876 358.9403
352.8875 358.0545 359.257
352.9534 357.9185 359.4716
353.132 357.7789 359.6539
353.11 357.6471 359.7693
352.6417 357.3972 0.2521144
352.6263 357.3095 0.5200053
353.3335 357.1918 0.6305802
354.5478 356.9711 0.6596078
353.6761 356.7289 0.7405785
353.0752 356.6276 359.887
354.1396 356.6292 358.7258
355.312 356.7894 357.7139
355.6299 356.8856 356.9256
355.753 356.9149 356.6302
357.8827 356.484 357.9044
358.2001 356.1165 358.9083
358.2823 355.7784 359.4934
358.3683 355.5689 359.6221
358.3834 355.4848 359.3575
358.1395 355.4961 358.8061
357.8648 355.5447 358.8425
357.3881 355.6245 358.9921
356.6519 355.7379 359.1929
355.7177 355.8801 359.4558
353.6643 356.3051 359.6056
352.9377 356.5376 359.4284
352.5432 356.7166 359.181
352.4293 356.8872 358.9131
352.6709 356.9859 358.7636
353.6158 357.174 358.8905
354.1606 357.3723 358.9885
354.4987 357.6243 358.9619
354.5752 357.9424 358.8033
354.5047 358.2538 358.5007
354.6096 358.8721 358.0958
355.5612 359.2004 358.1039
354.6678 359.5355 357.8106
353.5423 359.9001 357.2911
354.0472 0.07282387 357.2285
354.6813 359.5516 359.7407
354.2982 359.1324 1.043616
354.9379 358.9031 1.593549
356.3346 358.9073 1.074218
357.1295 359.1449 359.9436
357.5227 359.5462 357.8507
357.9698 359.6782 357.3689
358.3137 359.7394 357.4722
358.5884 359.6978 357.8777
358.9365 359.5894 358.1375
359.2482 359.478 357.7635
358.9251 359.4585 357.4213
358.3289 359.4301 357.1572
357.5588 359.371 356.9987
356.7248 359.2499 356.9989
355.5247 358.9957 357.0883
355.0643 358.9004 357.182
354.6406 358.8109 357.2622
354.3298 358.7739 357.3509
354.0745 358.8027 357.5098
353.891 358.8377 358.1967
353.7753 358.8311 358.589
353.5315 358.7977 358.9939
353.4613 358.7336 359.1752
353.912 358.573 359.1991
353.383 357.8632 359.4697
352.505 357.6946 359.1051
353.0009 357.8051 358.209
354.1092 357.9668 356.8969
354.6037 358.3031 355.9559
353.8741 358.4567 355.546
354.6681 358.1967 356.0863
355.2079 357.8326 356.86
355.2906 357.5454 357.3846
355.5108 357.3443 357.5347
355.6767 357.1661 357.0933
355.4973 357.1864 356.9388
355.2213 357.2402 356.9901
354.8198 357.3327 357.267
354.1584 357.4631 357.5887
352.3299 357.8364 358.2968
351.4728 358.0067 358.5857
350.8103 358.1721 358.5311
350.4533 358.3503 358.2899
350.3503 358.5175 358.136
351.0915 358.744 358.2217
351.5386 358.7818 358.1994
352.058 358.7824 358.1949
352.5754 358.7582 358.2334
352.9407 358.7263 358.1797
353.1485 358.7657 357.9336
353.2681 358.8698 357.7476
354.1627 359.0155 357.4482
354.3013 359.1255 357.2178
351.8225 359.3189 357.5757
352.3492 359.0533 358.9973
354.3523 358.8083 0.2308074
355.2297 358.6054 0.8157685
355.0193 358.5509 0.7147425
355.3656 358.8019 0.04385665
355.558 359.4603 358.4441
355.4153 359.5632 357.8246
355.6199 359.5596 357.5147
356.0094 359.4734 357.6371
356.4802 359.3883 357.9225
357.436 359.2481 358.1233
357.5948 359.2011 358.083
357.4796 359.2174 358.0037
357.0212 359.1907 357.9279
356.2994 359.1576 357.8359
354.9645 359.063 357.8527
354.4467 359.023 357.8814
354.0674 358.9853 358.047
353.8836 358.9619 358.2421
353.827 358.9267 358.348
353.5375 358.8978 358.3354
353.3081 358.8439 358.4003
353.0884 358.6904 358.6281
352.8773 358.4817 358.9401
352.8088 358.3476 359.176
354.2973 358.0309 359.2107
353.5692 357.8208 359.1167
351.8976 357.8481 358.7279
352.0411 358.1044 358.0473
353.407 358.216 357.1319
356.5643 358.7219 355.0608
356.7152 358.9113 354.9138
357.0893 358.8613 355.712
357.447 358.5097 356.9055
357.2415 358.17 357.6976
356.7285 357.6718 357.9875
356.5551 357.421 357.5009
356.4236 357.1624 357.0407
356.3218 356.8824 356.7296
356.1031 356.6352 356.6355
355.2927 356.2432 357.3064
354.7079 356.1566 357.7855
353.9103 356.256 358.1907
353.1972 356.5237 358.3372
352.6732 356.8578 358.246
352.2129 357.4625 357.8605
352.2752 357.7515 357.69
352.5576 358.0751 357.6981
353.1818 358.3042 357.7624
354.2216 358.5889 357.8498
354.3111 358.7284 357.7364
354.1191 358.9218 357.4385
353.7434 359.1761 357.0721
353.8309 359.4765 356.8381
354.4713 359.7281 356.5845
351.3616 0.3982499 356.7391
351.9993 0.3200267 357.8293
353.5352 0.01761621 359.1184
354.668 359.7638 0.1804302
354.9799 359.7202 0.3526759
355.9582 359.9132 359.6064
356.3979 0.1659219 358.5673
356.3828 0.3003329 357.4846
356.6815 0.3326724 356.6001
357.0932 0.3283758 356.3465
357.5542 0.2348578 357.143
357.7557 0.2511919 357.3344
357.6915 0.3119949 357.3012
357.4034 0.4298158 357.1687
356.2726 0.5100715 356.7218
355.4933 0.3980906 356.6183
354.7388 0.1981302 356.6499
354.1925 359.9523 356.8008
353.9203 359.7564 357.0428
353.8019 359.5285 357.2205
353.7063 359.4957 357.1743
353.5194 359.5117 357.1798
353.4356 359.5407 357.2452
353.5802 359.4722 357.5358
353.7594 359.3959 358.331
353.7386 359.5183 358.5344
354.0078 359.6051 358.4352
354.7553 359.5059 358.2416
353.5404 359.3824 357.9887
352.1031 359.5609 357.3402
352.9839 359.4852 356.5414
353.9874 359.4944 355.5799
354.1838 359.538 354.9587
354.3289 359.4863 355.0659
356.0555 358.7206 356.5275
356.4521 358.249 357.2639
356.6318 357.8842 357.5876
356.8456 357.5564 357.5802
357.0413 357.2726 357.3674
356.9528 356.89 357.1256
356.7695 356.7966 357.2536
356.4512 356.7879 357.6159
355.9479 356.8265 358.0486
355.269 356.9221 358.4366
353.7579 357.2526 358.9729
353.1924 357.4185 358.918
352.8516 357.5461 358.8068
352.7336 357.631 358.8653
352.8779 357.6682 359.1766
353.7645 357.7739 359.6856
354.2766 357.8433 359.7925
354.5085 357.9507 359.7806
354.3123 358.1101 359.5387
353.7746 358.277 359.1826
352.7331 358.4846 358.9581
353.1561 358.5634 358.9308
352.4139 358.5377 359.1154
350.3433 358.5143 359.8487
350.3285 358.3506 0.1978001
352.9261 358.007 1.038007
353.5151 358.0464 1.198962
353.6821 358.1978 0.9878358
353.978 358.4913 0.5495079
354.4301 358.8455 359.8163
354.1345 359.4516 358.737
354.2052 359.5316 358.4799
354.5822 359.5263 358.6399
355.2539 359.4518 358.9207
356.0692 359.3558 359.0332
356.5082 359.336 358.7785
356.0862 359.3524 358.5604
355.4969 359.3397 358.4341
354.7998 359.3552 358.4244
354.0462 359.4066 358.4414
352.8178 359.4425 358.443
352.4904 359.3776 358.5642
352.4415 359.2542 358.7477
352.7075 359.1161 358.8995
353.1428 358.9427 358.9351
353.9292 358.571 359.403
353.8908 358.4007 359.8689
353.5717 358.2698 0.3632743
353.1657 358.1638 0.7488093
353.3347 358.0124 0.9204365
353.5107 357.4373 1.03244
351.9097 357.3015 0.7573929
351.8115 357.3816 0.05073167
352.3689 357.4873 358.8598
352.7279 357.8777 357.5974
352.954 358.3687 356.3787
354.1158 358.2891 356.7488
355.2905 358.0331 357.6326
355.9244 357.7654 358.5755
356.4041 357.5853 359.1758
357.1254 357.5351 359.0088
357.1808 357.5264 358.7964
357.1465 357.4832 358.7274
356.9479 357.4375 358.8184
356.3548 357.4302 358.9247
354.5492 357.5025 359.0857
353.626 357.6281 359.1271
352.876 357.7814 358.8479
352.3272 357.9815 358.3785
352.1383 358.14 358.2684
352.6957 358.1729 358.8294
353.0314 358.1205 358.9018
353.4106 358.1112 358.7072
353.7367 358.1279 358.4496
353.6612 358.1765 358.1988
352.4613 358.2403 357.7029
352.1485 358.2934 357.5088
352.5511 358.4029 357.4075
353.7273 358.4902 357.116
353.252 358.6984 356.9529
352.5203 358.9152 358.0975
352.9189 358.7568 359.0383
352.5217 358.6606 359.7349
352.3106 358.5154 359.9639
352.8853 358.3772 359.8022
354.4494 358.5217 358.5509
355.1219 358.6476 357.8375
356.1577 358.7859 357.1339
357.2698 358.9957 356.7648
358.0498 359.1914 356.8503
358.8388 359.4145 357.7102
358.9708 359.4135 358.0447
358.7404 359.3952 358.2191
358.197 359.368 358.2246
357.566 359.3262 358.0975
356.1841 359.0864 358.2151
355.6004 358.9485 358.2864
355.2165 358.826 358.5094
355.0906 358.7466 358.7324
355.2334 358.6956 358.8564
355.5561 358.7467 358.8546
355.4945 358.8342 358.8982
355.1751 358.9247 359.036
354.5832 358.9604 359.2796
354.0716 358.9991 359.6576
355.0061 358.888 359.7157
355.4191 358.6326 359.5849
353.77 358.4354 359.343
353.6923 358.3618 358.8084
354.6127 358.4152 358.1627
354.7528 358.6353 355.7515
354.9013 358.9005 355.0531
356.0052 358.8532 355.0747
357.1593 358.5694 355.8621
357.5478 358.1458 356.8662
358.0571 357.3994 358.171
358.2803 357.1721 358.2009
358.2768 357.0287 357.9544
358.091 356.9195 357.7844
357.7644 356.8102 357.8097
356.5418 356.6416 358.1849
355.7452 356.6338 358.1942
354.9395 356.7222 358.2361
354.2335 356.8627 358.2138
353.7393 357.0663 357.9814
353.5632 357.5005 357.5985
353.917 357.6366 357.7437
354.3099 357.6964 358.105
354.7473 357.72 358.2771
355.1098 357.7609 358.2376
355.2692 357.9508 357.9234
355.0112 358.0403 357.6939
354.9256 358.0841 357.6879
355.3395 358.038 357.8846
356.0347 357.9241 357.7801
352.5294 357.9337 358.0419
352.8239 357.7918 358.8605
353.685 357.4412 359.9315
353.9226 357.2975 1.076753
353.9993 357.3083 1.375748
355.9622 358.0578 0.06875715
356.3711 358.5636 359.4317
356.2034 358.8071 359.0151
356.4568 358.9997 358.3943
357.0969 359.2555 357.924
358.4323 359.6879 358.0623
358.7756 359.8507 358.26
358.7719 359.9673 358.3739
358.4357 0.03543376 358.3551
357.9659 0.06384411 358.1785
356.7734 359.9892 357.9327
356.3122 359.8625 358.0694
355.9595 359.7245 358.3106
355.6637 359.6373 358.6065
355.4966 359.6107 358.8261
355.5628 359.6991 359.1684
355.738 359.8275 359.2917
355.7517 359.9579 359.4803
355.5102 0.05228532 359.7661
354.4227 0.0484058 0.5709755
354.332 359.9258 0.8206215
354.8961 359.6437 0.8912151
354.8467 359.2098 0.9207212
353.0903 358.9082 0.6426991
353.3785 358.8553 359.9923
355.0134 359.3554 358.2594
354.4085 359.7624 356.9676
354.7811 0.2006531 356.0389
356.1091 0.3460191 356.0195
358.0486 0.1887309 357.6951
358.4418 0.2273109 358.4427
358.8359 0.3598641 358.9652
359.1489 0.51547 359.1389
359.6313 0.6385149 359.2423
0.8576092 0.6126012 359.2662
1.209341 0.4824777 359.0184
1.447591 0.3664068 358.8327
1.5876 0.2619334 358.7176
1.542938 0.1532297 358.726
1.165697 0.09086964 358.7285
1.029289 0.2052513 358.4268
0.8914038 0.4066169 358.1234
0.5661714 0.7083622 357.7714
0.02678357 1.088127 357.4841
359.547 1.701577 357.5028
359.7145 2.001132 357.4534
359.6715 2.360862 357.2296
359.5412 2.70005 357.0986
359.8107 2.926684 356.9247
359.0069 3.341026 355.7468
358.003 3.691917 355.1511
357.576 3.841372 355.2981
357.5101 3.718887 356.1389
358.1649 3.441209 357.2587
359.2035 2.844957 358.4211
359.5244 2.683796 358.6057
359.9809 2.571095 358.4577
0.3960296 2.46535 358.0887
0.5692468 2.400111 357.5564
0.1209147 2.431163 356.5758
359.2634 2.586229 356.1823
358.6136 2.793446 355.8557
358.5964 2.969864 355.7687
359.097 3.036569 355.862
0.2920364 2.912356 356.304
0.2298539 2.801403 356.5085
359.7534 2.70147 356.6164
359.2461 2.580152 356.666
359.2346 2.328934 356.8342
0.3736587 1.516468 357.5634
0.7458805 1.064916 358.0168
0.7341732 0.6587155 358.2841
0.6025165 0.3298857 358.3866
0.221463 0.08686008 358.3452
358.7605 0.08609533 357.7274
358.6394 0.1656517 357.5264
358.7764 0.2709066 357.3823
358.9099 0.4076469 357.3652
358.9827 0.5850987 357.4839
359.0189 0.9301566 357.856
359.1119 1.13079 357.9057
359.3699 1.30745 358.0153
359.8559 1.401062 358.199
0.4276455 1.38228 358.5039
1.369715 1.26421 358.927
2.077623 1.134614 359.1517
3.092202 0.9365218 359.3668
4.032072 0.7312227 359.5545
4.689736 0.5168225 359.682
5.836669 359.9398 359.8145
6.804327 359.5411 359.906
7.856258 359.1475 359.8364
8.225797 358.808 359.7046
8.128574 358.5999 359.5115
8.16086 358.4495 359.5309
8.339256 358.4664 359.6918
8.126856 358.5475 359.8687
7.594868 358.6622 0.0833538
6.871521 358.7382 0.2586269
4.553327 358.8386 0.1575542
3.280162 358.8336 359.9451
2.171853 358.8841 359.5336
1.264548 358.9922 359.2209
0.6978172 359.1657 358.8443
358.6856 359.3812 358.7558
357.2889 359.4936 358.8105
356.4073 359.3748 359.4206
356.5734 359.3037 358.9564
357.1022 359.1511 359.0347
355.8179 359.1604 0.7001181
355.6555 358.9192 0.9564953
355.78 358.7333 1.372448
355.525 358.6894 1.16496
354.5535 359.1568 0.7649236
352.6697 0.5556416 0.1266983
352.199 1.502574 359.6472
352.3292 2.270355 359.6734
352.288 3.077246 359.8573
352.1359 3.578517 359.9741
352.3234 3.371854 359.7242
352.6842 2.977989 359.5058
353.2717 2.601521 359.2947
354.0118 2.135073 359.1522
354.695 1.548055 359.1759
355.9081 0.4706024 359.7397
356.6772 0.2076535 0.2593766
357.5371 359.8218 0.6969458
358.4968 359.3405 0.9289988
359.3364 359.0083 0.8369793
359.8861 358.888 0.7380189
0.3447177 359.2482 0.9661177
1.229732 359.4972 1.627443
1.896605 359.6497 2.010461
1.355275 359.7573 2.078178
0.4169226 359.75 2.527877
0.4193746 359.4619 2.812934
0.3747562 358.998 3.156675
0.3456462 358.4579 3.182358
0.3397669 357.7971 3.13251
0.5240739 356.5021 3.164975
0.3865844 355.9165 3.213656
0.09932364 355.3517 3.07926
359.7948 354.9103 2.913658
359.7255 354.606 2.807806
359.8934 354.2852 2.441709
359.8044 354.1643 2.357584
359.6144 354.0814 2.344456
359.3856 354.0941 2.452328
359.2736 354.1516 2.511346
359.1624 354.3718 2.641629
359.2599 354.3911 2.745124
359.4358 354.3657 2.757445
359.6284 354.3192 2.704754
359.7885 354.2987 2.664584
359.8507 354.2788 2.783383
359.8312 354.1691 2.762221
359.8367 354.0634 2.691974
359.8427 353.9933 2.608137
359.7267 354.0109 2.532872
359.3788 354.0916 2.523341
359.2356 354.1648 2.460739
359.2032 354.216 2.376856
359.2937 354.2429 2.405666
359.2497 354.2831 2.35713
359.0069 354.3614 2.228889
358.8033 354.3865 2.208032
358.6865 354.3751 2.143284
358.6838 354.3771 2.04162
358.7353 354.3901 1.998646
358.6912 354.411 1.857221
358.6858 354.4155 1.892054
358.6663 354.3954 1.934178
358.6677 354.3217 1.931064
358.7028 354.2714 1.890713
358.8981 354.1003 1.796858
358.9775 354.0031 1.780229
358.9869 353.895 1.769149
358.9278 353.8024 1.811089
358.8756 353.7303 1.919312
358.8806 353.6654 2.049711
358.8513 353.6591 2.062781
358.8454 353.6058 2.084146
358.8873 353.5459 2.166699
