1.382316 165.3212 0.5328766
1.38516 165.3572 0.4982838
1.382446 165.3902 0.4740775
1.394393 165.5028 0.4470283
1.423897 165.5836 0.4269223
1.400397 165.6525 0.4259672
1.332447 165.7145 0.443675
1.217564 165.8658 0.3626745
1.205069 165.9667 0.2575025
1.217167 166.0525 0.2306851
1.284264 166.1254 0.2112862
1.366755 166.1949 0.2108657
1.35246 166.2942 0.1381878
1.306393 166.3459 0.1168823
1.271992 166.44 0.08067651
1.220073 166.5677 0.05381956
1.183422 166.7363 0.0891389
1.149064 167.2037 359.9393
1.041331 167.5137 359.7623
0.8133655 167.8764 359.5906
0.5907577 168.2678 359.4487
0.4184876 168.6781 359.3667
0.2974678 169.0513 359.3008
0.01697516 169.792 359.1519
359.6517 170.1436 359.1172
359.198 170.4688 359.1086
358.7592 170.7367 359.2088
357.9973 171.2157 359.2888
357.8293 171.3891 359.44
357.6876 171.547 359.5986
357.6679 171.7291 359.6075
357.8881 171.9012 359.502
358.3417 171.9957 359.2667
358.0566 171.9326 359.37
357.5524 171.894 359.4892
357.1685 171.8999 359.5134
357.0959 171.9694 359.3852
357.1973 172.1543 359.2893
356.8102 172.2054 359.5838
356.2667 172.3153 359.857
355.9752 172.4927 0.01177007
355.9928 172.7119 0.005035648
356.3007 173.0517 0.07633526
356.4662 173.1665 0.2977541
356.6116 173.2857 0.5676823
356.6302 173.3683 0.8309724
356.2995 173.4048 0.9362504
356.0711 173.4237 0.6092831
356.3747 173.4306 0.4043774
356.6641 173.4471 0.2392441
356.9106 173.4893 0.1669065
357.1938 173.5429 0.1110989
357.4901 173.7245 0.003502298
357.3688 173.8556 359.9111
357.1026 173.9964 359.8151
356.6868 174.0947 359.8075
356.3934 174.1846 359.7749
355.9529 174.3206 359.7162
355.8457 174.3504 359.619
355.7386 174.3231 359.5688
355.7271 174.2857 359.5085
355.8063 174.2398 359.4018
356.046 174.2327 359.1461
356.0256 174.2569 359.0093
355.8963 174.2689 358.9009
355.7385 174.3172 358.8628
355.6109 174.3725 358.8425
355.1089 174.5613 358.6931
354.6815 174.6847 358.5885
354.4228 174.8221 358.4903
354.4417 175.0025 358.4397
353.9104 175.1744 358.5764
353.0074 175.3999 359.2885
353.6771 175.4589 359.5558
354.4503 175.5901 359.6837
355.3109 175.8051 359.6346
355.8844 176.0927 359.573
356.1762 176.7229 359.4232
356.0682 176.9615 359.2888
355.7849 177.1696 359.0874
355.6596 177.3329 358.9673
355.7743 177.4718 358.886
356.3027 177.8239 358.5857
356.6996 178.0817 358.3808
356.9785 178.3573 358.2494
356.9722 178.5838 358.1818
356.8049 178.7419 358.1293
356.6094 178.9872 357.9259
356.5313 179.0645 357.9139
356.252 179.1314 357.9993
355.883 179.1622 358.145
355.6077 179.1561 358.316
355.2149 179.0762 358.5406
355.1286 178.9722 358.6744
355.1551 178.8254 358.8025
355.3357 178.6713 358.9737
355.7449 178.4961 359.0549
356.5582 178.2249 358.9406
356.4933 178.1197 358.9453
356.2778 177.9702 359.1618
356.0793 177.77 359.5144
356.0125 177.5108 359.8087
355.0233 176.9849 359.8251
353.7269 177.0381 359.1346
353.3458 177.2904 358.3607
353.7007 177.5857 357.727
354.3986 177.8299 357.3662
354.5984 178.058 356.7708
354.8755 178.1128 356.6161
355.393 178.1282 356.6815
355.5981 178.126 356.9602
355.3853 178.192 357.2429
355.1616 178.412 357.3989
355.2097 178.449 357.5122
355.2609 178.3933 357.735
355.2861 178.3248 357.9083
355.2844 178.2466 357.9837
354.8499 178.1101 358.063
354.6625 178.0176 358.0924
354.4323 177.9186 358.1146
354.1929 177.8275 358.1091
354.0871 177.7553 358.0664
353.8994 177.8136 357.775
353.7148 177.8937 357.6889
353.6744 177.9628 357.6496
353.5955 178.0253 357.6101
353.3123 178.1629 357.4929
353.0685 178.5777 357.0842
352.9586 178.7718 357.0456
353.2173 178.9675 357.0259
353.8948 179.1457 357.0826
352.5741 179.4146 357.2859
352.0912 179.5595 358.2928
352.8822 179.4197 358.9019
353.0678 179.3126 359.2776
352.5607 179.3724 359.2794
353.097 179.7046 358.8542
353.7578 179.7758 358.7808
354.1981 179.7754 358.7281
354.8685 179.7076 358.611
355.7205 179.6484 358.4216
356.4255 179.591 358.1964
356.9211 179.5341 357.9697
356.5649 179.5487 358.0183
355.9814 179.6072 358.1198
355.4677 179.6378 358.2421
354.6004 179.6096 358.1736
354.3935 179.505 358.0855
354.2466 179.3721 358.0292
354.1527 179.1961 358.1428
354.3132 179.0155 358.36
355.3011 178.6908 358.6624
355.8035 178.6115 358.8383
355.9814 178.5684 359.0927
355.8467 178.5413 359.4538
355.594 178.5161 359.8521
355.182 178.58 0.3809567
355.4205 178.5505 0.5063753
356.1046 178.3787 0.5879633
355.6927 178.1321 0.3929174
354.3799 177.9711 359.6146
355.1172 178.0669 358.1593
355.4549 178.2092 357.442
354.9348 178.364 356.6914
354.9971 178.4468 356.0881
355.823 178.4815 355.8174
357.2502 178.3586 356.4564
357.2462 178.3635 357.1123
357.069 178.4319 357.6651
356.8524 178.564 358.0199
356.7126 178.7168 358.202
356.7733 178.8865 358.4172
356.6847 178.9285 358.5898
356.5222 178.9621 358.7182
356.3352 178.9778 358.7924
356.1049 179.0012 358.8466
355.9221 178.9988 358.8181
355.8276 178.9814 358.5807
355.8099 178.9761 358.525
355.8436 178.9492 358.5891
355.8674 178.8719 358.7117
356.0484 178.7985 358.4448
355.8997 178.8376 358.0651
355.6015 178.8936 357.8618
355.0327 178.9306 357.7919
354.6081 178.996 357.6859
355.0476 179.3098 357.1486
354.078 179.5149 356.9032
354.105 179.5899 357.1953
354.9998 179.4359 357.8732
355.6075 179.2575 358.7
354.9674 179.2452 359.482
355.6078 179.3158 359.4183
356.6173 179.4341 359.0893
357.1613 179.5685 358.6616
357.26 179.6622 358.2433
357.3528 179.6118 357.8109
357.2387 179.5995 357.5839
357.0716 179.6305 357.3083
356.8657 179.7175 357.086
356.5261 179.7858 356.9695
355.4158 179.8241 357.0706
354.9389 179.8189 357.2027
354.6554 179.7968 357.3435
354.6038 179.7412 357.5115
354.649 179.676 357.6971
354.4521 179.5238 358.3055
354.3429 179.3989 358.6217
354.3011 179.2841 358.8353
354.2664 179.2055 358.9532
354.1747 179.1721 359.0411
353.9394 179.0827 359.4093
353.9266 179.014 359.6404
354.1497 178.9022 359.9442
354.8883 178.6793 0.1906408
354.2686 178.3853 0.2457306
352.3554 178.0692 359.4837
352.944 178.0189 358.9356
353.8626 178.0945 358.1981
353.826 178.2383 357.4155
353.368 178.3345 356.8264
354.821 178.236 356.7936
355.5591 178.0559 357.2597
355.7552 177.9819 357.6808
355.7441 178.021 357.8214
355.7047 178.1029 357.7906
355.6309 178.2009 357.9381
355.6138 178.1553 358.1278
355.5101 178.0947 358.3061
355.3274 178.0796 358.344
355.1806 178.0496 358.3274
355.1067 177.8439 358.3723
355.0175 177.6669 358.4974
355.0059 177.4753 358.6646
354.9499 177.2936 358.7289
354.8438 177.1647 358.6826
354.5698 177.0132 358.3839
354.4852 176.9856 358.263
354.2016 177.0222 358.1347
353.8975 177.0762 357.9351
353.7379 177.2108 357.7232
354.0547 177.583 357.402
354.7574 177.771 357.3455
353.848 178.019 357.4305
352.9081 178.1777 357.5562
353.1758 178.1637 357.9999
353.5003 178.0643 358.9278
353.0307 178.1788 359.2396
353.11 178.341 359.4229
353.6515 178.5213 359.4102
354.3081 178.7132 359.3257
355.5259 178.812 358.8263
356.3266 178.7809 358.3668
356.9455 178.7363 357.887
357.2551 178.703 357.4518
357.262 178.6767 357.1849
356.7112 178.7031 357.0123
356.2478 178.7453 356.9828
355.7742 178.7787 356.949
355.3255 178.8428 356.9514
354.956 178.9192 356.9275
354.3615 178.9728 357.0848
354.1571 178.9171 357.3349
354.1368 178.808 357.6435
354.1471 178.7124 357.9344
354.1325 178.676 358.1688
353.8733 178.7506 358.7341
353.6093 178.7998 359.1176
353.442 178.8382 359.4936
353.5042 178.8741 359.754
353.9865 178.815 359.9252
353.3534 178.3705 359.6312
352.8465 178.26 358.9607
353.0607 178.2228 358.4756
353.466 178.2285 357.8615
353.0323 178.3017 357.0087
352.0668 178.4703 355.6938
352.5432 178.389 355.6291
353.1337 178.2243 355.8373
353.647 178.1113 356.1388
354.1903 178.0631 356.5188
354.6921 178.1493 357.1772
354.5854 178.212 357.498
354.463 178.2263 357.9099
354.3389 178.19 358.2846
354.1419 178.111 358.565
353.6918 177.8921 358.8717
353.5934 177.7591 359.0171
353.6151 177.6078 359.0723
353.7029 177.4831 358.9495
353.7599 177.4339 358.8087
353.3924 177.4845 358.6838
353.4581 177.5118 358.6295
353.4883 177.558 358.4779
353.3212 177.695 358.1125
353.4547 177.9146 357.6609
354.0091 178.3266 357.3679
354.6706 178.5397 357.2596
355.1073 178.8207 357.2451
353.5902 179.1346 356.9669
352.8811 179.3179 356.8869
353.5917 179.1917 357.9485
352.632 179.1636 358.413
351.71 179.2259 358.7778
351.9752 179.2386 358.9747
352.8593 179.2796 358.9969
354.0169 179.2966 358.4685
354.7609 179.2432 358.1161
355.6793 179.1622 357.8692
356.4312 179.0873 357.7749
356.8816 179.0164 357.7233
356.7998 178.927 357.595
356.2868 178.9038 357.5806
355.6887 178.8957 357.5424
355.2046 178.9083 357.4355
354.8818 178.8927 357.3586
354.3979 178.7961 357.5261
354.1007 178.7744 357.7941
353.8739 178.7299 358.0974
353.7535 178.677 358.3901
353.6991 178.6375 358.5661
353.8746 178.6259 358.7325
353.8575 178.615 358.9596
353.7092 178.6028 359.2467
353.5936 178.6313 359.4533
353.7559 178.6328 359.582
353.7347 178.3272 359.8663
352.3466 178.1807 359.4441
352.0244 178.2076 358.9854
352.5184 178.272 358.4026
352.9671 178.4004 357.7049
352.0734 178.5669 356.6335
352.7233 178.4919 356.6163
354.0402 178.326 356.9297
355.0121 178.1575 357.4464
355.4323 178.0709 357.9338
355.447 178.0693 358.3988
355.138 178.1257 358.2592
354.8518 178.1705 358.1431
354.4964 178.1641 358.1104
354.0763 178.1436 358.0838
353.1761 178.2305 357.9808
352.6781 178.3027 358.04
352.2878 178.3405 358.0951
352.0582 178.3398 358.1396
351.9315 178.3323 358.2243
352.0085 178.3453 358.2396
352.0778 178.3711 358.1862
352.1904 178.4059 358.1406
352.1061 178.4432 358.1101
351.7323 178.4963 358.0026
351.4233 178.6803 357.5775
351.7735 178.8568 357.3025
352.896 179.0067 356.938
352.4023 179.2087 356.8066
351.7694 179.4106 357.5991
352.6566 179.2849 358.255
352.5662 179.1955 358.7983
351.8653 179.129 359.088
351.8668 179.1317 359.1365
353.6989 179.1577 358.8468
354.4765 179.1496 358.6637
355.1365 179.1321 358.4447
355.6728 179.1002 358.2487
355.8743 179.0097 358.1595
355.8047 178.8725 357.942
355.7186 178.8202 357.8669
355.3989 178.7764 357.9043
354.8966 178.7364 358.0212
354.3011 178.7282 358.1034
353.4232 178.6987 358.2392
353.206 178.6884 358.3578
353.022 178.6592 358.5265
352.8524 178.6053 358.7105
352.6577 178.5894 358.9114
352.4838 178.5504 359.254
352.4604 178.5257 359.5085
352.422 178.4756 359.8915
352.3416 178.4039 0.2734016
352.1862 178.3132 0.5074801
352.6281 178.0059 0.7842876
351.1926 177.8349 0.4621989
349.9619 177.8131 359.6389
349.7783 177.9262 359.0731
350.6291 178.0478 358.5367
352.0037 178.174 357.326
351.6386 178.1202 356.9753
351.9974 177.9517 357.0102
352.722 177.7657 357.3408
353.2332 177.6428 357.7104
353.8739 177.69 358.177
354.0624 177.8052 358.1911
354.0919 177.9277 358.2473
354.0209 178.0405 358.3948
353.8162 178.1555 358.5217
352.9848 178.5039 358.5372
352.5574 178.6649 358.4942
352.1683 178.8088 358.4831
351.8467 178.9292 358.51
351.723 179.0087 358.5536
351.9377 179.2019 358.4764
351.9788 179.3174 358.3599
352.1232 179.4436 358.2647
352.4196 179.5522 358.2284
352.5892 179.6378 358.1832
352.4443 179.8202 357.6349
352.3572 179.9086 357.3697
352.6675 179.9787 357.0522
353.0096 180.062 356.8356
351.3231 180.223 356.6394
350.4932 180.2137 357.3634
351.4913 180.063 358.0537
352.1965 179.9975 358.5075
352.2418 180.1342 358.5756
352.2292 180.4355 358.4214
353.4631 180.8012 358.0983
353.7485 180.8136 357.8588
354.0958 180.7821 357.5036
354.7369 180.6828 357.229
355.4716 180.5768 357.0532
356.2632 180.3888 356.9048
356.1831 180.3285 356.9579
355.7674 180.2898 357.0873
355.1707 180.2375 357.2183
354.5327 180.1911 357.3152
353.3842 180.0406 357.4975
352.8977 179.9322 357.6957
352.4743 179.7765 357.9924
352.1296 179.5959 358.4092
351.8672 179.4451 358.7328
351.5128 179.1793 359.0894
351.4643 179.0854 359.2197
351.3513 178.9748 359.3574
351.1877 178.8345 359.5542
351.1348 178.6815 359.7222
351.6641 178.3484 359.8653
351.3743 178.1698 359.6777
349.5373 178.0554 359.0473
348.8046 178.1608 358.3151
349.2734 178.2661 357.6733
351.1079 178.4306 356.3042
350.5871 178.3756 355.694
350.7096 178.2884 355.4119
351.6707 178.1334 355.5261
352.4332 177.9566 355.9474
352.2945 178.0393 356.6366
352.2363 178.1806 356.7072
352.3139 178.2686 356.7357
352.5173 178.3025 356.8238
352.8236 178.2915 356.9724
353.0286 178.3181 357.2899
352.7525 178.4057 357.2627
352.4557 178.4896 357.1685
352.2187 178.5425 357.1277
352.1125 178.5536 357.2199
352.161 178.5466 357.3254
352.1623 178.6129 357.118
352.2267 178.7239 356.8546
352.3724 178.8218 356.6522
352.3734 178.9453 356.5603
352.2581 179.1448 356.3735
352.3692 179.2568 356.2811
352.5536 179.381 356.1875
353.1664 179.4888 356.0643
352.9134 179.7088 355.9836
351.8766 180.0309 356.0936
352.3628 179.9013 356.6787
352.2441 179.7245 357.3434
351.5249 179.6029 357.8286
351.1127 179.5664 358.1167
352.2089 179.5709 358.2523
352.6642 179.61 358.0136
352.9326 179.6149 357.6955
353.4374 179.5731 357.3999
354.0288 179.5365 357.2003
354.5783 179.478 357.1212
354.7051 179.4176 357.1465
354.684 179.3862 357.1413
354.4675 179.3651 357.1073
354.1295 179.3057 357.0638
353.528 179.1224 356.9939
353.3801 179.0173 357.0512
353.1656 178.9118 357.2024
352.9509 178.8598 357.3827
352.8635 178.8264 357.5336
352.6888 178.8381 357.7313
352.7074 178.8732 357.8392
352.7339 178.9121 358.0838
352.7037 178.9155 358.4637
352.6242 178.9146 358.8087
353.2129 178.8797 359.2461
353.3324 178.6979 359.4544
351.7058 178.5732 359.0049
351.2258 178.6278 358.492
351.6024 178.7518 358.228
353.6306 178.9513 357.477
353.6417 178.9167 357.1159
353.6981 178.7942 357.1208
354.4964 178.5638 357.4259
355.3864 178.2796 357.8754
355.9414 177.9878 358.3365
355.9625 177.9504 358.2337
355.7999 177.9698 358.0206
355.6373 178.0129 357.8313
355.5263 178.0501 357.7331
355.0385 178.29 357.4706
354.5762 178.507 357.1989
354.0613 178.7296 356.9896
353.6249 178.9001 356.8763
353.3174 179.0096 356.8623
353.5631 179.1208 356.9772
353.8988 179.1619 357.0699
353.9444 179.285 357.1261
353.8123 179.4751 357.1553
353.6973 179.6799 357.1986
353.0539 180.2029 356.8059
352.9479 180.4789 356.4935
352.9929 180.7 356.2709
353.3563 180.8991 356.0753
354.092 181.0895 355.8942
352.0641 181.5898 355.3014
352.2623 181.6077 355.598
352.8513 181.4819 356.1505
352.8037 181.3881 356.8098
352.339 181.3531 357.2877
353.3275 181.4196 357.6238
354.3697 181.4678 357.4443
355.0371 181.4742 357.0909
355.6763 181.4413 356.6716
356.7586 181.3625 356.1675
356.9333 181.3321 356.0404
357.0596 181.2968 355.968
357.045 181.259 355.9232
356.705 181.2428 355.8889
355.5738 181.1873 355.8191
354.9904 181.1262 355.8735
354.5966 181.0555 355.9437
354.3345 180.9469 356.0788
354.0164 180.7933 356.3058
353.6518 180.6392 356.6143
353.1538 180.3564 357.0316
353.128 180.2258 357.1476
353.0895 180.1171 357.2468
352.8828 180.0352 357.4323
352.3941 179.7227 358.2415
352.2935 179.5333 358.5721
352.5766 179.3121 358.7259
352.5538 179.0251 358.8235
350.6382 178.8298 358.4929
350.1626 178.9728 357.2264
350.1626 178.9728 357.2264
349.8964 179.295 355.822
349.2535 179.3365 355.3235
349.547 179.2087 355.2691
351.8458 178.5989 355.7152
352.9086 178.4046 355.9678
353.6675 178.3627 356.345
353.9955 178.3941 356.7162
353.8825 178.4676 356.9113
353.7213 178.5274 357.0427
353.4714 178.5424 357.4211
353.0528 178.5388 357.6687
352.5994 178.5547 357.8283
352.2418 178.597 357.9612
351.9744 178.6166 358.1237
351.7715 178.6232 358.3248
351.7313 178.6732 358.2563
351.7216 178.7443 358.1484
351.8413 178.8134 357.9692
352.517 178.9309 357.739
352.4922 179.0486 357.6201
352.2747 179.2107 357.5075
352.1313 179.3845 357.4182
352.1526 179.5554 357.3921
352.7505 179.6671 357.3339
351.0706 179.7909 357.5721
351.1465 179.668 358.2285
351.6862 179.4195 358.9035
351.5059 179.2327 359.4623
351.0455 179.1741 359.4519
351.8659 179.2273 359.2361
352.6667 179.2589 359.099
353.1413 179.2774 358.879
353.7471 179.3189 358.4486
355.1768 179.5116 357.6864
355.5325 179.5623 357.6221
355.8281 179.5956 357.6518
356.0595 179.6413 357.713
356.052 179.6827 357.7693
355.2622 179.7542 357.8947
354.7122 179.7283 357.9822
354.1393 179.6823 358.0325
353.486 179.5854 358.1393
352.7474 179.4303 358.3096
351.2848 179.0298 358.4202
350.9093 178.8943 358.3428
350.8576 178.7901 358.3889
350.9743 178.7057 358.6021
351.1789 178.659 358.9133
351.5411 178.7344 359.2721
351.8201 178.722 359.4273
352.6959 178.571 359.6017
351.3661 178.3248 359.5417
350.0785 178.2035 359.1285
350.2516 178.308 358.4582
350.1813 178.3938 357.7791
349.7487 178.4298 357.0211
350.0556 178.3258 356.6068
351.0662 178.0626 356.7333
352.0467 177.6539 357.254
353.0118 177.1202 358.0266
353.2656 177.0455 358.1513
353.2483 177.0323 358.136
353.1062 177.0613 358.1213
352.748 177.1844 358.1158
352.2149 177.3308 358.0867
351.5638 177.4749 358.1342
350.9513 177.6055 358.2823
350.3712 177.7022 358.4535
349.7975 177.8618 358.5206
349.8022 177.8919 358.4986
349.7964 177.9461 358.536
349.8181 178.0368 358.6373
350.0533 178.1433 358.6194
350.1892 178.406 358.3326
349.9342 178.6108 358.0633
349.6743 178.7757 357.9559
349.412 178.8905 357.9564
349.5578 179.024 357.7599
348.1498 179.162 357.7027
347.3184 179.0554 358.1147
347.3404 178.8513 358.7966
347.7054 178.6807 359.3148
347.5847 178.5774 359.5894
348.1006 178.6068 359.6454
348.8922 178.6864 359.559
349.4317 178.7548 359.3802
349.8098 178.7567 359.0306
350.418 178.7883 358.6847
352.0677 178.7953 358.3436
352.8235 178.7504 358.2837
353.4174 178.7117 358.2111
353.6334 178.6839 358.1282
353.4433 178.6629 358.0482
352.3857 178.6268 357.8299
351.7706 178.5741 357.8005
351.145 178.5313 357.8802
350.4696 178.4611 358.1188
349.8488 178.346 358.4537
349.1264 178.0323 359.009
349.0911 177.8884 359.0721
349.1804 177.7596 359.09
349.2425 177.6287 359.2011
349.1972 177.4892 359.4021
349.108 177.2616 359.5442
349.6138 177.1293 359.4976
349.7629 176.9653 359.4392
347.586 176.8033 359.0865
346.3896 176.8524 358.4568
347.0373 176.9696 357.453
347.899 176.9323 356.9266
348.372 176.7857 356.5045
348.927 176.6025 356.585
349.8938 176.4252 357.06
350.9119 176.1936 358.0396
351.0173 176.2809 358.2023
351.0556 176.4689 358.2096
351.0797 176.6468 358.2032
351.1713 176.7666 358.2803
351.3111 176.9237 358.6281
351.0525 177.0349 358.752
350.5638 177.1403 358.8356
350.0896 177.2528 358.8021
349.7088 177.3483 358.7346
349.3225 177.4948 358.5506
349.3713 177.539 358.3619
349.4598 177.5907 358.3646
349.6811 177.6503 358.6079
349.9107 177.7033 358.8329
349.7534 177.8524 358.4858
349.5865 177.9977 358.0012
349.2923 178.1704 357.5874
349.0673 178.3139 357.4086
349.3472 178.4561 357.2286
347.4073 178.4941 357.7215
347.019 178.313 358.3906
347.5704 178.1053 358.9368
348.3431 178.0171 359.1586
348.6707 178.0716 359.0684
349.4985 178.35 358.8136
350.2352 178.4135 358.9275
350.4995 178.3785 358.9658
350.6305 178.2982 358.918
351.2219 178.2569 358.7424
353.0589 178.2859 358.3625
353.8723 178.3521 358.3683
354.3628 178.409 358.4949
354.301 178.4754 358.6552
353.8804 178.5258 358.7018
353.0392 178.5245 358.627
352.8225 178.5046 358.5576
352.6664 178.4256 358.5428
352.4558 178.353 358.6275
352.1818 178.3031 358.7045
351.6511 178.2622 358.6387
351.6694 178.2315 358.6299
351.8599 178.1597 358.7263
351.9947 178.0581 358.9088
351.9494 177.9817 359.1016
351.376 177.971 359.2968
351.3064 177.9537 359.4437
351.1893 177.8526 359.5781
349.4522 177.7503 359.4344
348.2258 177.7966 358.9192
347.8049 178.0379 357.2539
348.2841 178.079 356.5296
348.3853 178.0071 356.124
348.1875 177.7489 356.2471
349.2679 176.9715 357.0508
349.7971 176.6831 357.1157
350.0836 176.6199 357.101
350.289 176.6577 357.112
350.4953 176.746 357.0984
350.7256 176.8305 357.0107
351.0987 177.0181 357.0098
350.9747 177.1835 356.8909
350.5199 177.3695 356.8375
349.8697 177.5403 356.901
349.2373 177.6927 357.1904
348.3606 177.909 357.7077
348.2076 177.9882 357.5245
348.1498 178.0745 357.2594
348.0458 178.1548 357.1483
348.1515 178.1752 357.3505
348.1081 178.2016 357.2757
347.9826 178.2867 357.0107
347.8878 178.3786 356.8194
347.8333 178.5012 356.7873
347.9365 178.6512 356.793
347.6884 179.0131 356.9651
346.3407 179.1074 357.5734
345.9211 178.9838 358.2429
346.2351 178.7606 358.632
346.1786 178.4733 358.8535
346.359 178.4968 358.7532
347.1967 178.4818 358.6955
348.2722 178.4554 358.6523
348.8796 178.3651 358.5453
350.1136 178.3808 357.7916
350.9256 178.4264 357.454
351.6565 178.4707 357.3102
352.1764 178.4809 357.3806
352.3894 178.4911 357.6382
351.7924 178.6558 357.791
351.4162 178.7309 357.7525
351.0421 178.8092 357.6981
350.731 178.8866 357.7146
350.3748 178.9103 357.979
349.5156 178.8364 358.8056
349.2373 178.776 359.0589
349.1505 178.7354 359.1098
349.1388 178.6741 359.1279
349.1311 178.5382 359.2697
348.8058 178.1951 359.6852
348.4512 178.0992 359.7364
348.2373 178.0346 359.7372
348.4798 177.8868 359.7337
348.2157 177.6115 359.8082
346.2684 177.3798 359.4338
344.9325 177.4315 358.2502
344.7072 177.5755 357.6594
344.2125 177.6397 357.1271
344.3561 177.6363 356.6725
346.8492 177.1391 356.6583
348.0014 176.829 356.9367
348.5622 176.6195 357.2315
348.8769 176.5565 357.5284
349.0086 176.5663 357.7333
349.1122 176.624 357.9529
349.0987 176.6868 358.0262
348.8359 176.7799 358.078
348.3536 176.9432 358.1108
347.7626 177.136 358.1555
346.5828 177.3862 358.4601
346.3956 177.4323 358.4975
346.6129 177.4957 358.3794
347.1979 177.5849 358.2213
347.9384 177.6688 358.2058
349.8404 177.7304 358.2305
350.4371 177.8009 357.9656
350.7546 177.9503 357.5757
350.8405 178.1234 357.1976
350.5016 178.3324 357.037
350.4786 178.7471 356.9373
350.3854 178.9443 356.6947
348.6986 179.2037 357.0542
347.8784 179.2332 357.8872
347.9655 179.0675 358.7606
348.1835 178.6461 0.0006332594
348.5268 178.5487 0.01403662
349.5482 178.4418 359.8485
350.4279 178.3116 359.8465
350.5651 178.0852 359.9932
351.0967 177.7895 359.3558
351.7966 177.7699 358.633
352.4322 177.8516 358.0819
352.9394 177.932 357.9211
353.2073 178.0118 358.0924
352.7766 178.171 358.6484
352.2538 178.2527 358.7022
351.7296 178.2742 358.6538
351.3115 178.2497 358.6878
351.0125 178.1595 358.7039
350.7063 177.9452 358.6667
350.7071 177.8221 358.6794
350.7692 177.7157 358.7083
350.8802 177.6152 358.707
350.9695 177.5177 358.8235
350.6373 177.4088 359.4509
350.4312 177.354 359.6383
350.8196 177.2308 359.6585
351.4652 177.0062 359.7228
350.0169 176.7768 359.602
348.5291 176.8141 358.7675
349.241 176.8299 358.2896
349.7161 176.7956 357.8409
349.6215 176.6716 357.4335
349.9102 176.5352 357.3482
351.6485 176.2507 358.0608
352.1139 176.2851 358.269
352.5922 176.4215 358.3561
353.1581 176.5917 358.4481
353.5922 176.685 358.5525
354.0462 176.7449 358.474
353.9737 176.776 358.2979
353.5831 176.8053 358.1547
352.9716 176.8665 358.0174
352.2243 176.9451 358.066
350.8419 176.9959 358.4514
350.3206 177.0097 358.553
350.0847 177.0268 358.4774
350.1663 177.0771 358.3521
350.5913 177.1228 358.3758
351.6956 177.1407 358.3378
351.9773 177.2209 358.0932
352.051 177.3357 357.8541
351.8905 177.49 357.8577
351.8087 177.7006 357.9091
352.7717 178.1524 357.574
351.6498 178.3011 357.918
351.0023 178.2876 358.354
350.8728 178.1781 358.7412
350.6042 178.1062 359.116
350.8708 178.2311 359.091
351.8904 178.4186 358.7849
352.9192 178.5882 358.5654
353.6277 178.7149 358.3801
354.3778 178.8918 358.1095
356.2093 179.2647 357.6086
356.7785 179.4481 357.4918
357.0288 179.6664 357.3228
357.0407 179.8933 357.1503
356.6869 180.1011 357.1313
355.3102 180.4569 357.1397
354.6811 180.6389 357.0908
354.2191 180.7547 357.1302
353.8459 180.8085 357.2503
353.5612 180.8118 357.438
353.3088 180.6448 357.6326
353.3943 180.4773 357.6873
353.5682 180.2963 357.8018
353.6216 180.1491 357.9888
353.5026 180.0529 358.2608
353.0105 179.7055 358.7523
353.1254 179.4749 358.8652
353.8111 179.1165 358.8144
352.6883 178.7194 358.3806
351.1383 178.5228 357.8093
351.0332 178.3181 356.7805
350.7323 178.2588 356.208
350.4657 178.2176 355.8196
351.2236 178.1144 355.6858
352.6682 177.9317 355.8929
354.2356 177.5836 356.8714
354.3879 177.535 357.4581
354.4152 177.5098 357.9499
354.3355 177.5059 358.17
354.1993 177.5316 358.2502
354.1888 177.4997 358.4398
353.9606 177.5494 358.3986
353.5356 177.645 358.3436
352.9727 177.741 358.4671
352.3997 177.8087 358.7207
351.8297 177.7345 359.1671
351.9161 177.6756 359.1255
352.2433 177.6571 358.8965
352.6525 177.6874 358.7319
353.082 177.7495 358.7188
353.2271 177.9205 358.7335
353.0535 178.0752 358.5392
352.9118 178.273 358.2904
352.9672 178.4213 358.1546
353.6085 178.5272 357.9487
351.3943 178.6905 358.0443
350.7844 178.5763 358.5786
351.1359 178.3659 359.0879
351.4786 178.2074 359.3826
351.407 178.1848 359.1768
352.2075 178.5067 358.4748
352.8234 178.6959 358.4538
352.8766 178.8595 358.5588
353.0004 178.9693 358.5661
353.44 179.0596 358.4713
354.4652 179.0761 358.4197
354.9489 179.0081 358.4589
355.1944 178.9262 358.4283
354.9753 178.8557 358.3228
354.4213 178.8162 358.1845
353.1446 178.7491 357.7573
352.7454 178.6647 357.6234
352.5276 178.5438 357.6515
352.3793 178.4039 357.7902
352.1946 178.2999 357.9164
351.846 178.1867 358.1644
351.7888 178.1407 358.3901
351.6901 178.0727 358.5381
351.5004 177.9656 358.7935
351.2851 177.9072 359.0959
350.9435 177.891 359.3805
351.2588 177.8749 359.4188
349.5429 177.8726 359.1936
348.4174 178.0614 358.7813
348.962 178.3835 357.8487
349.7091 178.4586 356.9979
349.9765 178.5078 356.2691
350.5822 178.5702 355.9197
351.7263 178.5348 356.0429
352.3138 178.5513 356.9807
352.238 178.6726 357.3624
352.5074 178.8201 357.4938
352.9876 178.8884 357.524
353.5531 178.8849 357.6268
353.9845 178.8116 357.7528
353.622 178.6142 358.0571
352.9853 178.5395 358.212
352.367 178.496 358.2897
351.7252 178.4853 358.2383
350.7345 178.3541 358.0311
350.6032 178.204 357.8424
350.6631 178.0817 357.5413
350.9411 177.985 357.2841
351.4478 177.914 357.1445
352.0268 177.9693 356.9895
351.9147 178.1358 356.9568
351.6978 178.3823 357.0112
351.6788 178.6371 357.0212
352.1496 178.897 356.8922
351.1446 179.4848 356.8314
350.1542 179.5712 357.3987
349.6451 179.521 358.0638
349.6171 179.4056 358.4753
349.4797 179.3451 358.5695
350.5343 179.498 358.1079
351.8077 179.6222 357.9214
352.6119 179.6501 357.8184
352.9985 179.6141 357.714
353.5356 179.5684 357.5068
354.9682 179.5796 357.1483
355.5198 179.6064 357.0939
355.7657 179.6056 357.2499
355.6171 179.5795 357.5457
355.0937 179.5611 357.8073
353.551 179.5972 358.05
352.9238 179.6178 357.9948
352.52 179.6052 358.0217
352.3676 179.5384 358.1186
352.3441 179.4653 358.2393
352.2549 179.2718 358.2771
352.2855 179.1311 358.3285
352.3599 178.944 358.5215
352.3043 178.7538 358.7678
352.0423 178.5886 358.9732
352.0822 178.3362 359.2111
352.1165 178.1697 359.2954
350.4144 178.0869 359.052
349.5509 178.2312 358.5147
349.1463 178.4173 357.7709
349.9801 178.9016 355.8734
350.1667 178.98 355.3238
350.4409 178.9003 355.3149
351.2803 178.7076 355.8033
352.1818 178.4688 356.5414
352.6634 178.4628 357.3136
352.8983 178.5386 357.3971
353.2271 178.567 357.4664
353.5564 178.5014 357.5728
353.73 178.4511 357.6549
353.027 178.4894 357.7455
352.3484 178.5958 357.6848
351.667 178.7453 357.6791
350.9768 178.8566 357.8129
350.4816 178.8655 358.0634
350.2802 178.6371 358.2939
350.2592 178.5422 358.1247
350.2626 178.5352 357.7966
350.3484 178.6058 357.5758
350.4204 178.7467 357.4529
350.5808 179.1392 357.0716
350.6485 179.3801 356.984
350.8395 179.6686 356.8678
351.5991 179.921 356.6832
352.0023 180.2029 356.5976
349.4923 180.5228 357.4869
349.9172 180.3656 358.4717
350.382 180.1604 359.3153
350.0067 179.962 359.5759
350.1038 179.9082 359.5359
352.3401 179.7966 359.2096
352.7952 179.6941 359.03
353.1794 179.5957 358.597
353.6533 179.5988 358.0159
354.0172 179.6407 357.5367
354.597 179.7679 357.0779
354.6307 179.8358 357.1223
354.2087 179.9149 357.231
353.4637 180.0058 357.2957
352.6651 180.037 357.3513
351.4563 180.0626 357.3694
351.037 180.0066 357.4822
350.6995 179.9428 357.6644
350.407 179.835 357.9408
350.207 179.6858 358.228
350.5897 179.3083 358.664
350.6632 179.0616 358.9465
350.4136 178.841 359.1895
349.8861 178.6786 359.3845
349.6177 178.5179 359.541
349.8917 178.0785 359.8119
348.5428 177.7897 359.6866
347.9003 177.6345 359.4517
347.8743 177.4958 358.9548
347.8042 177.4737 358.2545
347.1124 177.5882 356.6746
347.7228 177.6291 356.4453
348.8014 177.651 356.7279
349.6187 177.8114 357.1336
350.0598 178.0378 357.4819
350.544 178.4608 358.4198
350.6199 178.4679 358.7623
350.8234 178.3983 359.0104
351.1162 178.3055 359.1718
351.2537 178.2731 359.2525
350.5887 178.2961 359.2464
350.0375 178.2248 359.3583
349.6668 178.0373 359.4714
349.7129 177.774 359.551
350.0945 177.4596 359.5206
350.7556 177.05 359.2126
350.8049 176.9441 359.1909
350.8489 176.8733 359.1859
350.7812 176.8827 359.0365
350.5718 176.971 358.78
349.99 177.3073 358.2907
349.569 177.6016 357.8996
349.7435 177.9755 357.2809
350.0364 178.4175 356.7489
349.0197 178.7428 357.0519
349.3334 178.8147 358.7845
349.86 178.7716 359.1684
349.5664 178.7452 359.2234
349.3908 178.7878 359.0761
349.8285 178.8038 358.8359
350.7805 178.669 358.274
351.2916 178.6421 357.7471
351.6847 178.6898 357.1128
351.787 178.7959 356.6453
351.8349 178.9194 356.3364
352.0176 179.2773 356.1772
351.8941 179.4247 356.3977
351.376 179.5334 356.6254
350.6124 179.6423 356.8021
349.8802 179.7478 356.9868
348.9353 179.8268 357.4447
348.6704 179.7874 357.7546
348.4966 179.7406 357.9939
348.3739 179.6698 358.1587
348.3231 179.5868 358.2567
348.5178 179.3232 358.456
348.6711 179.1392 358.5987
348.6966 178.9396 358.6843
348.5236 178.7552 358.7357
348.6293 178.5505 358.7679
346.7064 178.049 358.6581
345.4245 178.0326 358.215
345.0354 178.1147 357.6578
345.6689 178.3102 357.0411
346.3866 178.5042 356.6377
346.7245 178.366 356.8151
347.6538 178.0711 357.2301
348.8382 177.7394 357.5383
349.6296 177.539 357.6227
350.0288 177.4251 357.6314
350.3455 177.2242 357.8636
350.4876 177.1519 358.0547
350.6734 177.0954 358.188
350.6757 177.1079 358.3026
350.2883 177.0931 358.4505
349.0096 176.8851 358.7132
348.621 176.7508 358.9056
348.5222 176.6247 359.1104
348.7338 176.512 359.0779
349.1576 176.4342 358.846
349.6976 176.2631 358.8649
350.0233 176.2568 358.8793
350.3729 176.3617 358.6791
350.5588 176.5763 358.2579
350.4826 176.7508 357.7354
350.1829 177.0802 357.3774
350.4172 177.312 357.2169
351.1393 177.6376 356.7292
350.406 178.0253 356.5143
349.6538 178.2677 356.9718
349.1642 178.2251 358.1958
348.0872 178.1897 358.6049
347.6992 178.1051 358.9279
348.3626 178.0274 358.9884
351.0077 178.0936 358.7017
351.4805 178.0916 358.5869
351.7111 178.1234 358.2975
351.9156 178.2043 357.9118
352.2105 178.2839 357.7155
352.9029 178.3315 357.5756
352.8025 178.3278 357.4733
352.4102 178.3258 357.3663
351.9131 178.324 357.2555
351.4008 178.3212 357.2524
350.6655 178.2446 357.4331
350.4425 178.1525 357.6614
350.3571 178.0238 357.9666
350.3697 177.8558 358.3097
350.4926 177.6972 358.5147
350.8135 177.4564 358.7368
350.874 177.3447 359.1245
350.9743 177.2312 359.5743
351.0229 177.1534 359.8426
351.1833 177.1493 359.8822
351.8678 176.9946 359.8399
350.3354 176.7986 359.5569
349.527 176.7561 359.1011
349.3091 176.7568 358.4974
349.377 176.8479 357.5491
348.8861 176.9637 355.9806
349.5772 176.8583 355.9618
350.931 176.6001 356.385
352.0829 176.3493 356.9117
352.6757 176.2789 357.2858
353.2956 176.4201 357.7346
353.5172 176.4761 358.0435
353.8824 176.4606 358.3243
354.2727 176.4503 358.4772
354.424 176.4761 358.4838
353.8371 176.5949 358.403
353.428 176.5948 358.4716
353.157 176.5271 358.4781
353.0373 176.4149 358.3049
353.0154 176.2691 357.9358
352.7192 176.1049 357.1894
352.3322 176.0937 357.1672
352.0186 176.111 357.1487
351.8263 176.1703 356.9888
351.8492 176.3271 356.6565
351.7635 176.7372 356.4059
351.6079 176.9671 356.4073
351.9693 177.2277 356.1165
351.1512 177.5157 355.8749
349.6248 177.757 356.2422
349.0598 177.7923 357.0381
349.4708 177.7424 358.1819
349.4819 177.8969 358.0419
349.8083 178.172 357.621
350.6666 178.4048 357.2793
351.8929 178.6687 356.9685
352.0692 178.7366 356.6921
352.4269 178.7637 356.3552
352.8635 178.7718 356.0858
353.2847 178.7385 355.94
353.8253 178.6563 356.0526
353.6887 178.6377 356.2997
353.3757 178.6071 356.5821
353.0132 178.586 356.8994
352.6243 178.5652 357.1509
351.7642 178.7558 357.5783
351.5914 178.9135 357.9376
351.707 179.0314 358.431
351.86 179.1296 358.8293
351.9567 179.2011 358.9901
351.7161 179.1191 359.303
351.4297 178.8999 359.5404
350.9904 178.6119 359.6664
350.3357 178.3199 359.7407
349.8041 177.9945 359.8868
349.4075 177.2006 359.981
347.9261 176.878 359.3306
347.4616 176.8334 358.5252
347.7473 176.8657 357.7047
348.6714 177.0282 356.9331
349.8497 177.1152 356.1304
350.7253 177.0325 356.4706
351.7857 176.9447 356.9068
352.4834 176.9685 357.2683
352.9754 177.1235 357.6794
354.1759 177.6256 357.9563
354.6029 177.9066 357.9155
354.7916 178.0907 357.9226
354.8308 178.2685 357.9656
354.6545 178.4446 357.9932
353.6683 178.7338 358.1126
353.1375 178.8166 358.2004
352.6324 178.8561 358.2644
352.1969 178.8459 358.1714
351.8915 178.8012 357.9083
351.5857 178.7002 357.4166
351.6191 178.6354 357.35
351.7732 178.5889 357.2538
351.8612 178.5642 357.077
351.8591 178.6517 356.7798
351.3789 178.8741 356.5662
351.1339 179.0607 356.6174
351.5169 179.2599 356.5019
352.2193 179.5536 356.2384
351.142 179.9104 356.4409
350.7802 179.8166 358.1838
350.9937 179.4723 358.6897
350.6507 179.1673 358.8631
350.8297 178.9699 358.8316
351.6965 178.8006 358.639
353.3223 178.9018 357.817
354.0837 179.0907 357.2706
354.7429 179.2516 356.8704
354.9284 179.3674 356.8058
354.9074 179.4641 356.9529
354.9478 179.7114 357.2849
354.7492 179.8304 357.4409
354.2798 179.9374 357.5745
353.7389 180.0159 357.6248
353.2994 180.0248 357.6991
352.8897 179.9211 357.7777
352.6789 179.786 358.0595
352.4038 179.6096 358.5018
352.1559 179.4506 358.8272
351.9924 179.3108 358.9732
352.1392 179.1413 359.1359
352.2205 179.0636 359.3965
352.0834 179.0176 359.6466
351.6919 178.9982 359.7187
351.648 178.9438 359.7001
352.528 178.5527 359.8235
351.0161 178.3891 359.4918
350.2839 178.4028 358.8026
350.5098 178.4291 357.9746
351.0316 178.4812 357.1113
351.3117 178.3432 356.01
352.0875 178.1898 355.9928
353.0008 178.0783 356.1695
353.5521 178.1312 356.2515
353.9706 178.2933 356.2704
354.5103 178.5791 356.5978
354.6008 178.5713 356.8593
354.7342 178.5044 357.2092
354.7965 178.4403 357.5272
354.6363 178.4612 357.7455
353.707 178.7436 358.1066
353.1391 178.8974 358.1434
352.6266 178.9891 358.0426
352.3452 179.0394 357.8142
352.2818 179.0713 357.4615
352.2386 179.1801 357.0974
352.2717 179.227 357.1285
352.2482 179.2562 357.1343
352.1772 179.3629 356.9365
352.2996 179.5268 356.6304
352.1265 179.9021 356.4169
352.1463 180.0997 356.3297
352.2085 180.2794 356.1371
350.6892 180.4458 356.283
350.0308 180.3642 356.8735
350.3719 179.8563 358.1825
350.0796 179.7416 358.2195
350.1028 179.7041 358.175
350.8755 179.6801 358.1064
351.8443 179.6961 357.9576
352.3345 179.6308 357.697
352.6619 179.6648 357.3622
353.127 179.7621 357.0172
353.6417 179.8262 356.8424
354.2264 179.8174 356.8418
354.721 179.7728 357.0416
354.3109 179.8556 357.0085
353.6893 179.9177 357.0271
353.0967 179.9157 357.0594
352.6772 179.8922 357.0227
352.2614 179.8207 357.1453
352.2774 179.7979 357.2888
352.408 179.7806 357.4506
352.6024 179.758 357.5946
352.7185 179.6756 357.7428
352.5284 179.4776 358.071
352.1858 179.4442 358.2697
351.8376 179.4237 358.4673
351.9425 179.3263 358.7441
352.4877 179.1181 359.0551
350.0865 178.8313 358.388
349.8307 178.7625 357.7574
350.3614 178.5526 356.9081
350.9464 178.3141 356.0294
351.3339 177.9929 355.5528
352.5456 177.1831 355.8931
353.1907 176.9181 356.2845
353.47 176.7753 356.6352
353.5861 176.7213 356.7146
353.6927 176.715 356.575
353.723 176.7611 356.6409
353.8387 176.8453 356.8788
353.9352 176.9957 357.2014
353.8837 177.2389 357.437
353.0856 177.7576 357.4079
352.6814 177.9148 357.2852
352.3851 177.988 357.2398
352.256 177.9749 357.2137
352.2886 177.9382 357.2339
352.3928 177.9273 357.3779
352.3105 177.9216 357.5441
352.2989 177.9459 357.4673
352.4083 178.1896 357.2393
352.5019 178.5266 357.0168
352.1608 179.2492 356.7261
352.5911 179.585 356.5297
351.4459 179.952 356.1753
350.4601 180.2533 356.2345
350.165 180.3297 356.8406
350.0517 180.2143 357.7358
350.0137 180.0891 358.7346
350.8163 180.185 358.4558
351.8145 180.3876 357.9009
352.3783 180.5292 357.3861
353.0225 180.5502 356.9055
353.5141 180.5546 356.8554
353.9532 180.559 356.8504
354.3869 180.5918 356.8305
354.7279 180.6333 356.8844
354.38 180.6241 356.9622
353.8513 180.5795 356.9807
353.3685 180.4964 357.002
353.0071 180.3543 357.0416
352.6466 180.2033 357.0407
352.3688 180.0744 357.059
352.276 179.7332 357.2402
352.3857 179.5851 357.4003
352.4704 179.4848 357.5882
352.4057 179.4055 357.8408
351.9344 179.1946 358.499
351.9195 179.0771 358.7666
352.3242 178.9156 358.9117
353.2324 178.6636 359.041
351.8272 178.3435 359.065
350.5896 177.9484 358.361
351.0617 177.8366 357.5876
350.86 177.7975 356.8048
350.8238 177.6734 356.3792
351.6855 177.401 356.3673
353.9677 176.606 357.4402
354.4547 176.404 357.8458
354.6342 176.3513 358.0778
354.536 176.3727 358.1696
354.3069 176.3823 358.1801
354.2076 176.3556 358.1873
354.0131 176.4144 358.225
353.5614 176.5333 358.3703
352.9964 176.6767 358.5789
352.3976 176.8352 358.6623
351.6266 177.1845 358.5456
351.5629 177.3592 358.4925
351.7151 177.5176 358.4879
352.0356 177.6109 358.6653
352.4223 177.6621 358.9515
352.9477 177.9462 358.8029
352.9166 178.234 358.4316
352.7538 178.5229 358.1376
352.5028 178.7789 357.9936
352.8159 178.9715 357.8188
351.4479 179.3579 357.4437
350.5988 179.3471 357.5946
350.7702 179.0882 358.3878
351.1505 178.6923 359.4538
350.9824 178.4014 0.1680437
352.3528 178.2887 359.8539
353.3453 178.5354 359.0884
353.3516 178.7829 358.3926
353.1327 178.9139 357.8625
353.2561 179.0182 357.3281
354.0182 179.2574 356.7421
354.5133 179.3736 356.7712
354.9119 179.4859 356.8796
354.923 179.6182 357.0152
354.5988 179.7731 357.114
353.631 179.8789 357.3237
353.3264 179.8716 357.2732
353.1412 179.8343 357.291
352.9267 179.7777 357.3747
352.6682 179.6933 357.6087
352.364 179.4845 358.1347
352.3463 179.3645 358.3137
352.1977 179.2737 358.4072
351.7849 179.2184 358.399
351.4386 179.2149 358.4713
351.445 179.1946 359.0058
352.16 179.1487 359.1301
353.081 179.0777 359.2068
351.4387 178.9924 359.079
350.5377 178.954 358.7969
351.0739 179.0305 358.1546
351.0392 179.0427 357.4839
350.9544 178.9997 356.8062
351.6581 178.866 356.4957
352.9435 178.6402 356.6644
353.9657 178.2044 357.4623
353.8293 178.1563 357.5408
353.6561 178.1458 357.4516
353.5683 178.0794 357.315
353.6278 177.9765 357.2541
353.9404 177.7344 357.7004
353.9499 177.7098 357.9982
353.7169 177.7678 358.1507
353.2692 177.8393 358.1175
352.7977 177.9222 357.9956
352.1727 178.0579 357.7746
352.0983 178.1331 357.7037
352.1291 178.1738 357.7031
352.437 178.1999 357.7226
352.8287 178.2273 357.6859
352.9417 178.3661 357.5924
352.7091 178.5397 357.511
352.5003 178.7641 357.5509
352.5662 178.9766 357.6322
353.4279 179.1708 357.5883
351.297 179.4806 357.9724
351.0894 179.3313 358.6783
351.7803 179.0796 359.4741
352.8692 178.933 0.1333956
353.7718 178.977 0.1613069
355.3329 179.4639 359.1474
355.7018 179.741 358.4526
355.581 179.9315 357.8741
355.5655 180.0698 357.3555
355.8956 180.1967 357.0428
356.65 180.4106 356.9488
356.8591 180.5103 356.955
356.8132 180.5938 357.0085
356.5182 180.6615 357.116
356.0723 180.7471 357.2018
355.1454 180.8259 357.1888
354.7865 180.8354 357.1511
354.5511 180.803 357.199
354.3434 180.6932 357.3894
354.1853 180.5553 357.582
353.9341 180.2811 357.7768
353.9146 180.1182 357.8213
353.8216 179.9398 357.9084
353.5904 179.7858 358.0478
353.2882 179.6688 358.2298
352.8324 179.4881 358.649
353.2482 179.3329 358.9185
353.6161 179.1093 359.257
352.1534 178.8935 359.3767
351.5138 178.7533 359.3287
350.8534 178.7064 358.4005
350.0058 178.7513 357.6773
349.8046 178.7293 357.0443
350.3971 178.6149 356.6107
351.5556 178.3459 356.6254
353.6778 177.7368 357.1006
354.1585 177.6393 357.2702
354.2866 177.5925 357.412
354.2025 177.6074 357.5002
354.1842 177.6276 357.5975
354.2663 177.6503 357.9024
353.9778 177.7558 358.0546
353.476 177.8718 358.0903
352.8127 178.0073 358.0774
352.1826 178.1628 358.0764
351.8686 178.3368 358.1117
352.1775 178.3669 358.1746
352.52 178.4012 358.2621
353.0038 178.4513 358.4142
353.4542 178.4907 358.5044
353.3529 178.6262 358.4845
352.9974 178.7385 358.238
352.6542 178.8428 358.0076
352.4802 178.9245 357.9364
352.9647 178.9825 357.881
351.7037 179.2813 357.2404
351.4431 179.3325 357.1575
352.0237 179.2247 357.7773
352.0273 179.1134 358.7203
351.0906 179.0265 359.4154
351.2614 178.9795 359.5702
352.1067 179.1068 359.0107
352.7751 179.277 358.4267
353.4452 179.4166 357.8897
354.2622 179.5643 357.5338
355.4411 179.8024 357.532
355.6984 179.8651 357.547
355.8167 179.9149 357.5172
355.7267 179.9829 357.4402
355.1953 180.0465 357.174
354.9347 180.0553 357.157
354.7661 180.0563 357.2148
354.6245 180.0818 357.297
354.4025 180.1182 357.4409
354.2137 180.1507 357.6315
354.0472 180.0737 358.2036
353.9828 179.9536 358.5128
353.8936 179.8598 358.7533
353.7659 179.775 358.922
353.601 179.6738 359.1419
353.1989 179.4709 359.5083
353.3925 179.3781 359.5393
354.2675 179.2434 359.5095
353.4505 179.0908 359.4056
352.0479 179.1248 358.4821
352.7546 179.2222 357.7979
353.1196 179.3054 356.9882
352.7224 179.3029 356.1879
352.9003 179.1605 355.794
353.8428 178.8746 356.1006
355.2054 178.0847 357.5534
355.2191 177.8956 357.9345
355.1091 177.8349 358.0374
354.9449 177.8588 357.9111
354.6747 177.8401 357.8833
354.6606 177.8194 358.0967
354.5577 177.8684 358.4402
354.3483 177.9342 358.7218
354.1002 178.043 358.8336
353.7746 178.154 358.7829
353.5349 178.2867 358.4603
353.8074 178.2472 358.3942
354.0543 178.2161 358.3823
354.2128 178.2151 358.2991
354.6459 178.2608 358.1472
354.6277 178.3594 358.065
354.5072 178.5486 357.8513
354.4522 178.744 357.7307
354.7607 178.9196 357.755
354.062 179.1024 357.9463
352.6859 179.0157 358.3544
352.9365 178.7677 359.211
354.5838 178.4186 0.2049828
356.2636 178.2466 0.9014446
357.8921 178.5567 0.1880291
358.2899 179.0321 359.2416
358.1236 179.4266 358.4572
357.3891 179.7314 357.9131
356.9322 179.9581 357.3751
357.3663 180.5135 356.8024
357.7771 180.7802 356.706
358.004 180.978 356.6695
357.8327 181.1719 356.7125
357.3598 181.3431 356.784
356.33 181.6054 356.8664
355.8045 181.6927 356.9205
355.3728 181.7243 357.0535
355.1283 181.6961 357.251
354.9451 181.6035 357.4374
354.7399 181.3268 357.7069
354.7407 181.1198 357.8479
354.6961 180.8921 357.9769
354.4164 180.6532 358.1935
353.8509 180.3889 358.5497
352.7772 179.8251 359.4516
352.7872 179.536 359.7475
353.5294 179.2681 359.8436
354.097 178.9952 359.7783
352.5246 178.7584 359.2769
351.963 178.7895 358.1504
352.2123 178.9989 357.3769
351.7305 179.2255 356.5053
351.1772 179.33 355.9261
351.5671 179.251 355.8879
354.5967 178.6473 356.7262
355.6186 178.3996 357.0587
356.1388 178.3545 357.1765
356.3475 178.4034 357.1646
356.3643 178.4107 357.1905
356.5231 178.3366 357.5098
356.37 178.3086 357.6975
355.9117 178.3321 357.7361
355.3684 178.4482 357.6825
354.862 178.6127 357.5988
354.3644 178.8596 357.372
354.5453 178.9095 357.3674
354.8699 178.954 357.4618
355.2325 179.0204 357.5675
355.6367 179.0908 357.601
356.1048 179.1768 357.6703
356.0045 179.2488 357.5208
355.9348 179.3808 357.2484
355.8233 179.5321 357.043
355.9522 179.7074 356.929
356.4104 180.136 356.0616
354.5836 180.4691 355.7664
354.0409 180.6039 356.1458
354.2806 180.543 357.0629
354.0392 180.4707 358.1511
354.2918 180.3867 359.1022
355.3226 180.4762 358.855
356.1816 180.5775 358.2594
356.6805 180.603 357.6288
357.0514 180.5674 357.0995
357.7425 180.5405 356.5622
358.0773 180.5714 356.4717
358.3126 180.6127 356.4084
358.3342 180.7016 356.3132
358.1067 180.8382 356.2505
357.0663 181.0793 356.3015
356.6542 181.1229 356.4681
356.2993 181.1106 356.6559
355.9296 181.1049 356.7876
355.5064 181.073 356.9872
355.3163 180.8244 357.6622
355.3898 180.6897 357.8507
355.35 180.5682 357.8913
355.0776 180.4661 357.9133
354.5935 180.3973 357.9502
353.8815 180.2205 358.3277
354.2092 180.0816 358.4546
355.2137 179.9211 358.3631
354.1903 179.8651 357.906
352.5688 180.0147 357.3306
353.448 180.2667 356.769
354.1568 180.1554 356.597
353.7374 179.9885 356.2404
354.1544 179.7641 356.2931
355.3665 179.4066 356.7592
355.8294 178.8198 357.5242
355.5902 178.7028 357.5616
355.4893 178.6431 357.2935
355.4434 178.5335 356.9354
355.5196 178.3671 356.7406
355.5614 178.0072 356.9164
355.2397 177.8523 357.2531
354.7641 177.7161 357.5681
354.3211 177.6345 357.7794
353.8786 177.6182 357.8554
353.3686 177.5566 357.747
353.4321 177.5156 357.7059
353.6119 177.4953 357.6492
353.7656 177.5197 357.6104
353.8934 177.5715 357.5357
353.9856 177.7265 357.2464
353.8838 177.8083 357.1775
353.8521 177.9141 357.1651
353.7435 178.0675 357.139
353.9618 178.3011 356.9801
354.094 178.9478 356.6463
352.8211 179.2157 356.874
352.8393 179.2431 357.5916
353.217 179.1123 358.5003
352.9731 178.9917 359.3697
353.6196 178.9689 359.7823
354.949 179.0906 359.4769
355.9676 179.1597 359.0532
356.3897 179.1709 358.5965
356.6272 179.1699 358.1247
357.035 179.22 357.5843
357.203 179.3135 357.4337
357.3136 179.4412 357.2268
357.1952 179.6104 356.9879
356.7517 179.7928 356.7733
355.7504 180.0372 356.6927
355.3111 180.1093 356.7357
355.0096 180.1803 356.8612
354.8625 180.2068 357.1125
354.7283 180.2123 357.4537
354.3568 180.136 358.0825
354.2047 180.099 358.3155
354.0096 180.033 358.5994
353.7933 179.927 358.9293
353.6451 179.7782 359.3366
353.2769 179.4008 0.1360883
353.6353 179.2026 0.29114
353.6143 178.9748 0.3516721
351.9812 178.7522 0.01153104
351.5722 178.6501 359.6145
353.1481 178.6033 358.4832
353.5902 178.5638 357.8636
353.3792 178.4617 357.4277
353.6188 178.3303 357.5242
354.3944 178.153 357.9859
355.2743 177.9916 358.8805
355.6924 178.0213 359.0316
356.0567 178.0875 358.9596
356.2719 178.1447 358.7844
356.4359 178.1202 358.6602
356.59 178.0944 358.5082
356.2603 178.1254 358.3654
355.7509 178.1619 358.2527
355.188 178.2484 358.1882
354.6016 178.3348 358.0475
353.8844 178.4328 357.8205
353.9046 178.4234 357.8463
354.0556 178.3745 357.9904
354.3629 178.2982 358.1819
354.6993 178.2863 358.2821
354.9723 178.3213 358.0682
354.9373 178.3412 357.8028
354.7813 178.4181 357.5037
354.7631 178.5333 357.2465
355.4245 178.6511 356.9586
353.852 179.0888 356.3103
353.5993 179.1977 356.5549
353.9442 179.1492 357.287
353.9127 179.1104 358.2106
353.6764 179.1219 359.1968
354.602 179.1998 359.1086
355.4087 179.3494 358.6792
355.7172 179.4613 358.103
355.9642 179.4914 357.5715
356.612 179.5196 357.0767
356.818 179.5413 356.9889
356.9726 179.6003 356.9035
357.024 179.6631 356.8531
356.8069 179.7159 356.8224
355.6234 179.774 356.7789
354.9569 179.7547 356.7189
354.4091 179.7287 356.6534
353.9881 179.7052 356.6493
353.6723 179.6835 356.739
353.3999 179.5523 357.2177
353.4109 179.4705 357.2828
353.4252 179.4017 357.2676
353.2229 179.3403 357.3347
352.8354 179.233 357.5651
352.4615 179.0108 358.2519
352.5582 178.9114 358.4532
353.3036 178.7416 358.6092
353.9774 178.4829 358.856
352.3886 178.3183 358.6555
351.7015 178.48 357.1905
351.8397 178.7543 355.9617
351.2533 178.9454 354.7426
351.3861 178.9413 354.1349
352.5798 178.7029 354.1078
355.128 178.0891 355.1914
355.7027 178.0602 355.7818
355.9494 178.165 356.1993
356.0174 178.3467 356.3295
356.1113 178.4901 356.3658
356.4447 178.5979 356.6618
356.336 178.639 357.0286
355.9435 178.7018 357.3883
355.4111 178.7727 357.5755
354.8517 178.8618 357.5358
353.9023 178.9568 357.1361
353.7253 178.9966 356.9274
353.6968 179.0396 356.7768
353.8196 179.0932 356.7628
354.0974 179.1368 356.8196
354.5374 179.1893 356.9217
354.6748 179.1761 356.7705
354.6334 179.2827 356.6349
354.4263 179.3461 356.4912
354.5448 179.4706 356.3439
353.0976 179.8447 355.775
352.3138 179.9567 356.0793
352.7437 179.8616 356.9869
352.9776 179.7061 357.8889
352.5074 179.6118 358.4867
353.8975 179.5952 358.841
354.8378 179.6476 358.648
355.4632 179.6638 358.2777
356.1046 179.6934 357.7619
356.7491 179.7379 357.3122
357.0261 179.8617 357.0309
356.9716 180.0043 356.9418
356.8839 180.1679 356.9029
356.6929 180.3144 356.9245
356.34 180.4144 356.9952
355.1293 180.4433 357.1616
354.5956 180.4032 357.2621
354.1669 180.3303 357.3736
353.7597 180.2323 357.4788
353.453 180.1611 357.5919
353.1085 180.0181 357.8006
353.0477 179.9274 357.9722
352.883 179.7981 358.3203
352.6512 179.6508 358.7127
352.2936 179.5451 359.0147
352.2307 179.3864 359.4847
352.8348 179.2554 359.6724
351.2987 179.1163 359.5859
349.9792 179.1504 359.1837
349.7206 179.3492 358.7391
351.1418 179.704 357.0131
351.4408 179.6423 356.5406
351.7808 179.3802 356.4713
352.6992 178.9993 356.7755
353.7243 178.6192 357.3335
354.6461 178.1409 358.0265
355.059 178.0755 357.9052
355.3878 178.1054 357.689
355.644 178.1093 357.6568
355.8961 178.0979 357.6497
355.9535 178.2615 357.7233
355.4825 178.4552 357.7131
354.8408 178.6774 357.5936
354.1526 178.9204 357.4292
353.6602 179.0986 357.3196
353.553 179.2945 357.3726
353.7251 179.336 357.3854
353.8454 179.3604 357.4546
354.099 179.3807 357.5346
354.3541 179.3773 357.6142
354.5071 179.2908 357.5663
354.4224 179.2626 357.3551
354.151 179.2752 357.0617
353.8867 179.3248 356.8166
354.077 179.3938 356.5627
353.3392 179.7818 356.0944
353.0241 179.9169 356.3761
353.294 179.8746 357.2066
353.1844 179.7906 358.1642
352.5987 179.7194 358.9454
352.8197 179.6255 359.4657
353.6253 179.6603 359.1699
354.3074 179.6874 358.7743
354.7748 179.6387 358.4499
355.1676 179.6211 358.177
355.6174 179.6522 357.8066
355.7831 179.6522 357.6444
355.8739 179.6014 357.5377
355.7049 179.4999 357.4474
355.2665 179.424 357.4057
354.0024 179.2442 357.4807
353.5403 179.1202 357.5823
353.2163 178.9858 357.7206
352.9198 178.8737 357.9039
352.6768 178.7587 358.193
352.5201 178.5647 358.637
352.6283 178.5215 358.6719
352.7222 178.4901 358.8383
352.7638 178.4413 359.1851
352.8281 178.3944 359.6441
352.9173 178.257 0.2087494
353.6719 178.0143 0.2378948
353.2293 177.6828 0.1594058
351.6134 177.4202 359.5582
351.1443 177.4073 358.8
351.8351 177.7219 356.705
351.5744 177.8119 355.7531
351.9345 177.7329 355.3705
353.0745 177.4901 355.6291
354.4315 177.0917 356.4003
355.4576 176.7629 357.5455
355.3678 176.8354 357.7652
355.0668 176.9552 357.8001
354.7915 176.9902 357.7866
354.7279 176.9775 357.9012
354.796 177.0435 358.3624
354.5084 177.1964 358.4965
354.0647 177.3859 358.3904
353.585 177.5352 358.1577
353.2306 177.686 357.9124
353.1008 177.8673 357.6484
353.2005 177.9691 357.7136
353.4723 178.0214 357.8657
353.8905 178.0911 357.9899
354.2913 178.2273 357.9344
354.3051 178.5765 357.4572
354.2554 178.7578 357.2483
354.4002 178.9126 357.185
355.0897 179.0443 357.1183
355.5182 179.2189 356.9247
352.7773 179.4191 357.1275
352.8801 179.2657 357.8606
353.2048 179.1281 358.5718
353.0341 179.0938 358.9496
353.3059 179.198 358.948
354.9186 179.554 358.2224
355.0367 179.6842 357.7367
355.1886 179.7928 357.1357
355.57 179.9145 356.5859
355.975 180.01 356.3302
356.4042 180.2064 356.5208
356.2802 180.3339 356.618
355.8533 180.4359 356.6537
355.2171 180.4911 356.6616
354.4829 180.4939 356.6494
353.4145 180.3105 356.7852
353.2221 180.1512 356.9398
353.0097 179.9828 357.157
352.7683 179.8211 357.3859
352.5882 179.6579 357.6021
352.8377 179.4394 357.7066
353.0316 179.437 357.8035
353.119 179.447 358.0588
353.197 179.4442 358.42
353.3579 179.4413 358.7689
354.9275 179.2692 358.9934
355.2631 179.052 358.8472
353.9258 178.8836 358.4221
353.5127 178.9012 357.9423
353.9503 178.9792 357.3084
355.189 179.1551 355.5423
355.3232 179.1172 355.1436
355.9936 178.9272 355.3049
357.3296 178.6341 355.8778
359.3507 178.2495 357.0811
359.5869 178.2591 357.3332
359.3557 178.3522 357.2887
358.8334 178.4653 357.1493
358.4055 178.5398 356.9822
358.0438 178.6027 356.866
357.0118 178.8093 356.5544
356.419 178.896 356.3587
355.8856 178.9533 356.2281
355.4298 178.9725 356.2558
355.1733 178.9269 356.4361
355.3786 178.6423 356.8657
355.5708 178.4841 357.0168
355.8406 178.301 357.1676
356.1181 178.1226 357.295
356.16 177.9922 357.2631
355.649 178.0851 356.6285
355.2154 178.2395 356.323
354.9134 178.3856 356.1513
355.5506 178.4744 355.906
354.0603 178.7673 355.98
353.73 178.6604 356.5501
354.5321 178.4795 357.1936
354.5994 178.4153 357.7218
353.9823 178.4456 358.1497
355.2951 178.7214 358.2908
356.063 178.8877 358.062
356.5216 178.964 357.7838
356.9695 179.0146 357.5492
357.4809 179.0739 357.4982
357.9318 179.115 357.5156
358.3055 179.1897 357.4964
358.0517 179.2277 357.4922
357.533 179.1949 357.4128
356.8639 179.1139 357.3357
355.3965 178.8043 357.1643
354.886 178.5914 357.1987
354.6118 178.3637 357.383
354.5039 178.1566 357.6284
354.4896 178.0035 357.8672
354.92 177.8147 358.1912
355.2202 177.8207 358.3304
355.3543 177.8926 358.5619
355.2684 177.9943 358.9181
355.0364 178.1199 359.3098
355.1566 178.2762 359.9211
355.7607 178.1728 0.1026676
354.3377 177.9341 359.8946
353.0856 177.7685 359.3373
352.9885 177.7557 358.7307
353.1992 177.7924 356.9066
352.9785 177.6813 356.3372
353.7647 177.4409 356.1773
355.1725 177.0986 356.4554
356.2959 176.7528 356.9804
357.0809 176.5778 357.7908
357.1876 176.6983 357.9497
357.2059 176.8226 358.0508
357.2595 176.8724 358.2649
357.3126 176.8466 358.5317
356.7708 176.8129 358.9673
356.2803 176.8128 358.9758
355.8175 176.8661 358.8964
355.4115 176.8947 358.8203
355.1408 176.9289 358.6629
355.1748 176.9852 358.3744
355.1982 177.0524 358.3368
355.3928 177.1482 358.3574
355.5565 177.2829 358.4418
355.4523 177.442 358.5126
355.6176 177.8293 358.2866
355.7574 178.0504 358.127
356.0554 178.31 358.0056
356.943 178.5821 357.8776
356.2746 178.8329 357.735
355.2141 178.9666 358.2687
355.6754 178.795 359.0207
355.0051 178.6803 359.6799
354.136 178.6612 359.9833
354.4702 178.6967 359.9128
355.2377 178.9707 359.4153
355.4291 179.0625 359.0123
355.8882 179.1458 358.6023
356.3845 179.2467 358.251
356.8235 179.3551 357.9702
357.3329 179.4973 357.5123
357.1595 179.5497 357.3513
356.7691 179.6077 357.152
356.2513 179.6213 356.945
355.6978 179.5484 356.786
354.9126 179.2573 357.0204
354.7379 179.0787 357.3676
354.6772 178.8994 357.8901
354.6069 178.779 358.3542
354.5008 178.7496 358.6151
354.2451 178.7691 359.0762
354.034 178.6965 359.4177
353.8075 178.5921 359.7635
353.6405 178.5652 0.02990181
353.6231 178.5943 0.1211526
354.4373 178.4765 359.7359
352.9434 178.3039 359.3063
351.5591 178.2554 358.6763
351.2781 178.329 357.9454
351.6383 178.4463 357.0602
351.9398 178.6725 355.5613
352.3954 178.6527 355.2402
353.62 178.5182 355.4845
355.1033 178.2315 356.1579
356.0413 177.9707 356.9552
356.9709 177.8586 357.5567
357.3991 177.95 357.2894
357.6629 178.0502 357.036
357.7875 178.1072 357.0024
357.7536 178.137 357.1623
356.9637 178.3206 357.5083
356.375 178.4613 357.7893
355.8261 178.5882 358.0757
355.4611 178.736 358.1102
355.2282 178.8031 358.0554
355.0004 178.6563 358.1208
354.8784 178.5092 358.1
354.8922 178.3502 358.0268
354.9902 178.1794 357.9193
355.0028 178.0381 357.7746
355.2508 177.946 357.1662
355.1214 178.0371 357.0397
355.0698 178.1737 357.0716
355.6506 178.3298 356.8551
354.5473 178.5083 356.8733
353.0523 178.4026 358.1795
353.7778 178.1718 358.8557
354.0779 178.07 359.3577
354.0872 178.1116 359.3615
354.6995 178.3028 359.0771
355.9698 178.8294 358.116
355.8843 179.0298 357.7563
356.0002 179.2494 357.4328
356.4376 179.454 357.2635
357.0429 179.6883 357.1083
358.1821 180.1169 357.0322
358.1585 180.2509 357.0986
357.6945 180.3789 357.1366
357.0777 180.4467 357.1406
356.376 180.437 357.1277
354.8163 180.3309 357.049
354.188 180.2124 357.1174
353.7423 180.0723 357.3162
353.5225 179.9277 357.4997
353.5355 179.8058 357.6314
353.5999 179.5215 357.8222
353.5172 179.41 358.0387
353.4591 179.3507 358.3204
353.2992 179.3679 358.621
353.0418 179.4383 358.9477
353.7567 179.413 359.5942
353.6364 179.3168 359.6392
351.9937 179.2629 359.0304
351.6412 179.3287 358.4142
352.3487 179.4055 357.8119
352.9662 179.7643 355.6744
352.9239 179.9481 354.7823
353.7305 179.9463 354.5538
355.0417 179.7047 355.0326
356.1047 179.3898 355.7376
356.4814 179.3826 356.3191
356.324 179.5883 356.3184
356.17 179.8027 356.3899
356.1706 179.9596 356.5373
356.2844 180.0628 356.7637
356.0431 180.1734 357.3714
355.6392 180.2259 357.6692
355.2025 180.3078 357.8175
354.9868 180.4151 357.7727
354.983 180.5003 357.6312
355.177 180.7138 357.2106
355.3433 180.8216 356.9715
355.5072 180.9557 356.8088
355.6307 181.1321 356.7078
355.5133 181.37 356.5192
354.8133 182.0374 356.1072
354.4359 182.4426 356.0515
354.2728 182.8173 356.1446
355.1008 183.125 356.165
355.7835 183.32 356.0703
354.0023 183.2748 355.3064
354.2244 182.8984 356.0073
354.1198 182.3894 357.1697
354.11 181.9811 358.1853
354.8793 181.4491 358.9731
355.6818 181.3152 358.7447
356.0527 181.2702 358.5278
356.1197 181.2639 358.1967
356.3357 181.3361 357.7574
356.5991 181.4253 357.3574
356.8175 181.6764 356.8625
356.6673 181.8283 356.5471
356.245 182.0289 356.1749
355.4951 182.2182 355.9396
354.7777 182.3448 355.8481
354.1269 182.4626 355.7578
354.1743 182.4891 355.9565
354.3025 182.4447 356.2618
354.3757 182.3195 356.5999
355.0398 182.197 356.8831
355.7194 182.1285 357.0397
356.4054 182.023 357.191
356.7711 181.9314 357.1861
356.7239 181.8709 357.0742
356.6595 181.8638 357.0386
357.1894 181.6846 357.1733
357.2954 181.5337 357.2982
357.2173 181.3932 357.3997
357.075 181.2931 357.419
356.3347 181.2417 357.3556
355.9351 181.258 357.5098
355.4724 181.285 357.7513
355.185 181.3879 357.9503
355.1959 181.5417 358.0449
355.2521 181.7586 358.0075
354.1915 182.1861 357.5908
353.7842 182.272 357.4523
353.7279 182.2139 357.515
353.7762 182.0356 357.6494
353.5805 181.7342 357.8128
352.7361 180.9009 357.911
352.7731 180.4353 357.8393
352.9717 179.9981 357.7273
353.149 179.5621 357.6611
353.1874 178.84 357.633
353.0611 178.6029 357.6371
352.6117 178.4055 357.716
351.8873 178.2668 357.791
351.2499 178.2002 357.7898
350.9723 178.1658 357.7309
350.7144 178.2021 357.6523
350.2947 178.2387 357.733
349.8827 178.2814 357.8136
349.6856 178.295 357.758
349.0858 178.0812 357.6927
348.5275 177.8394 357.7911
348.2026 177.5217 357.8121
348.0218 177.1229 357.7914
347.8098 176.6131 357.7915
347.83 175.3413 357.9977
347.9666 174.5052 358.1698
348.1777 173.5423 358.3183
348.3504 172.5602 358.3859
348.3781 171.5573 358.4571
348.3987 169.5975 358.8016
348.4166 168.6713 358.9895
348.3466 167.8278 359.1326
348.1103 167.1115 359.2512
347.8928 166.5741 359.2677
347.9671 165.8706 359.305
348.223 165.6186 359.3289
348.6166 165.4487 359.3432
349.0357 165.3302 359.4406
349.6281 165.2018 359.6154
352.312 164.8687 359.8798
354.4226 164.6912 0.02582683
356.3314 164.5204 0.2591327
357.2856 164.3183 0.659149
357.1684 164.032 1.053486
357.2277 163.134 1.322426
357.8132 162.6391 1.253769
358.5214 162.1127 1.254972
359.3258 161.5961 1.272448
0.2399297 161.1668 1.203977
1.155775 160.7559 0.8959973
0.6603268 160.676 0.6447226
359.736 160.7115 0.4369088
358.68 160.9314 0.16703
357.7472 161.4115 359.7654
356.4267 162.8471 359.1852
355.88 163.586 358.898
355.3271 164.2852 358.7187
354.9763 165.0379 358.4717
354.7006 165.8186 358.1847
353.7086 166.9271 357.8229
353.2001 167.0923 357.9207
352.8081 167.0665 358.0479
352.5883 166.9019 358.25
352.4555 166.5721 358.6792
352.1757 165.7601 359.7339
352.1834 165.3626 0.08506458
352.5099 165.0178 0.1399288
353.0651 164.7761 359.9841
353.6616 164.614 359.754
354.9051 164.4114 359.2712
355.3184 164.3454 359.1551
355.6201 164.3529 359.2667
355.7084 164.4642 359.4523
355.4956 164.6013 359.627
355.1434 164.7144 359.8834
354.9157 164.892 0.07278309
355.0343 164.9599 0.06871821
355.2755 165.045 0.06837655
355.4991 165.211 0.05552197
355.897 165.6955 0.1997004
356.0614 165.8862 0.3275099
356.26 166.0768 0.06320442
356.5406 166.2439 359.9078
356.8955 166.4289 359.9807
357.5543 166.4151 359.9
357.744 166.4784 0.1413688
358.048 166.472 0.367358
357.6523 166.6002 1.264754
356.7949 166.599 1.615111
355.641 166.8408 1.631061
355.2922 166.7823 1.565866
354.8943 166.7064 1.459725
354.3747 166.5639 1.440764
354.0498 166.3586 1.414503
354.1709 166.1856 1.375064
355.0445 165.9075 1.738047
355.2813 165.7281 1.748275
355.5027 165.5218 1.626807
355.7902 165.2855 1.570696
356.553 164.8469 1.619566
356.9542 164.6339 1.74586
357.3795 164.3071 1.846607
357.696 164.0253 1.824841
357.9998 163.7935 1.829836
358.2919 163.2091 1.958667
358.326 162.9145 2.011456
358.4519 162.7937 2.101798
358.6267 162.5874 2.290873
358.7018 162.3255 2.320767
359.0424 161.7202 2.478008
359.4496 161.311 2.471912
359.7023 160.9228 2.398127
359.9236 160.5762 2.155623
359.939 160.3598 1.927226
359.5584 160.7334 2.253176
358.9481 161.0829 2.751697
358.6361 161.3205 3.130625
358.5156 161.4995 3.372781
358.2542 161.6048 3.58958
357.212 161.9835 3.853766
356.6253 162.1836 3.931578
356.1854 162.2992 3.975479
356.0865 162.2786 3.98057
356.2219 162.1663 3.977278
356.1201 161.8706 3.973144
355.9998 161.6878 3.940425
356.0147 161.5432 3.839544
356.1243 161.4147 3.679798
356.2538 161.3006 3.562934
356.1204 161.0367 3.641455
355.8096 160.9023 3.815946
355.4388 160.8868 3.985874
355.0782 160.9999 4.107615
354.822 161.1312 4.205129
354.7119 161.2316 4.326762
354.6461 161.2574 4.385757
354.5949 161.2841 4.38676
354.482 161.3705 4.343128
354.2804 161.4938 4.236976
353.921 161.7168 4.104559
354.0338 161.7417 4.033424
354.1106 161.7318 4.02215
354.0273 161.6908 4.098262
353.9139 161.6393 4.231987
353.8227 161.6804 4.226696
353.9174 161.6093 4.170331
354.0146 161.4503 4.203919
354.09 161.3435 4.239026
354.1886 161.3264 4.236291
354.1205 161.4494 4.139731
354.0587 161.5424 4.121538
354.0688 161.6767 4.09134
354.166 161.7951 4.036496
354.2799 161.916 3.975778
354.3581 162.1246 3.964642
354.3365 162.1946 3.942871
354.3454 162.2555 3.917139
354.3579 162.2697 3.893054
354.2906 162.3022 3.828443
354.2701 162.4152 3.714973
354.2649 162.4711 3.658925
354.2299 162.5039 3.610453
354.2598 162.5365 3.55138
354.3554 162.6092 3.470949
354.3992 162.6783 3.419177
354.4158 162.7592 3.408742
354.4312 162.7716 3.445425
354.4037 162.7959 3.510224
354.3488 162.7879 3.522214
354.2704 162.7575 3.542499
354.2321 162.7495 3.565167
354.1743 162.745 3.57799
354.1357 162.7549 3.565581
354.0945 162.7923 3.57375
354.0174 162.8461 3.527693
354.0703 162.8862 3.453911
354.1288 162.8952 3.380336
354.1067 162.9001 3.391484
354.0896 162.9255 3.396703
