2.882532 355.574 4.607908
3.016498 355.6258 4.470095
3.016498 355.6258 4.470095
2.991596 355.6374 4.470067
3.014877 355.6418 4.476348
3.040059 355.6404 4.519986
3.055242 355.6603 4.546755
3.03984 355.6653 4.612632
3.054623 355.6848 4.643013
3.020066 355.6959 4.64592
2.997549 355.6947 4.647985
2.979803 355.6779 4.678779
2.959603 355.6931 4.75857
2.959196 355.665 4.758084
2.969403 355.6693 4.727599
2.965997 355.6864 4.747087
2.967409 355.693 4.77043
2.984046 355.6906 4.763499
2.980871 355.6884 4.757349
3.005802 355.7129 4.75379
3.040008 355.7498 4.756326
3.039138 355.769 4.769829
2.997499 355.804 4.793544
2.98586 355.8062 4.830847
2.978544 355.802 4.857911
2.987054 355.8129 4.887827
2.961307 355.8354 4.947418
2.900598 355.8401 5.062878
2.884084 355.8592 5.057888
2.894304 355.9579 5.045686
2.98158 356.0951 5.055922
3.044334 356.2092 5.055925
2.947875 356.3374 5.064812
2.892825 356.4274 5.048737
2.835406 356.5093 5.004236
2.83028 356.6096 4.943035
2.851918 356.7148 4.868274
2.880509 356.9433 4.780638
2.862045 357.0645 4.801328
2.787037 357.1292 4.820552
2.706003 357.1115 4.849519
2.632204 357.0472 4.845752
2.654976 357.1457 4.649692
2.773242 357.2258 4.563812
2.802718 357.2503 4.542641
2.70988 357.187 4.524572
2.577686 357.1165 4.491055
2.642108 357.1383 4.285609
2.740312 357.239 4.140401
2.7751 357.3692 4.076067
2.735081 357.4694 4.138733
2.625661 357.517 4.244198
2.470385 357.5558 4.429388
2.519738 357.6349 4.451227
2.584375 357.7481 4.428469
2.639637 357.8565 4.373038
2.678831 357.9592 4.350688
2.600935 358.1454 4.428156
2.503709 358.2452 4.434052
2.427916 358.3513 4.427733
2.372345 358.494 4.424107
2.330712 358.6566 4.400346
2.325563 359.0487 4.254871
2.351578 359.2953 4.167789
2.375097 359.5552 4.065979
2.398913 359.8196 3.973412
2.382452 0.1122064 3.864702
2.261838 0.8515277 3.72183
2.232892 1.251484 3.694222
2.264977 1.593051 3.621496
2.322368 1.860374 3.577194
2.391941 2.082844 3.466021
2.39763 2.102621 3.404463
2.375363 2.093092 3.365636
2.325694 2.046466 3.373365
2.273474 1.983118 3.347278
2.282858 1.910812 3.276088
2.32775 1.745815 3.08253
2.320832 1.706975 3.02711
2.346347 1.691897 2.960237
2.378169 1.70692 2.909895
2.458521 1.845537 2.885363
2.458776 1.89496 2.875085
2.429372 1.939106 2.896833
2.417779 1.999316 2.912359
2.38563 2.040722 2.941688
2.347474 2.023549 3.044106
2.352946 1.997421 3.059181
2.37294 1.962663 3.07432
2.388334 1.959106 3.081242
2.384136 1.91623 3.095808
2.374759 1.881997 3.105228
2.381455 1.879491 3.08884
2.339046 1.867434 3.056004
2.292291 1.880678 3.074765
2.271152 1.911938 3.101125
2.311436 1.978224 3.097657
2.300007 1.999486 3.113576
2.296731 1.993292 3.103644
2.262571 1.994303 3.097716
2.215517 2.002121 3.147305
2.203409 1.982332 3.148044
2.233732 1.980972 3.148946
2.240609 1.982965 3.175883
2.202684 1.967696 3.19386
2.191428 1.941572 3.198943
2.194631 1.960993 3.221999
2.198347 1.920552 3.231668
2.204673 1.898072 3.233373
2.185432 1.901061 3.231683
2.195569 1.894728 3.229116
2.242865 1.889428 3.226067
2.231497 1.902161 3.222501
2.247229 1.909248 3.218044
2.259934 1.963002 3.220838
2.251556 2.002831 3.215881
2.248331 2.078823 3.204286
2.244129 2.092364 3.213462
2.260662 2.114493 3.197397
2.275331 2.114065 3.190345
2.271924 2.136144 3.190024
2.29101 2.162465 3.132198
2.294183 2.170583 3.146107
2.298615 2.160794 3.13482
2.288044 2.174769 3.135719
2.273674 2.180129 3.135584
2.277934 2.213759 3.127414
2.257289 2.201227 3.133342
2.244631 2.207839 3.137895
2.272554 2.220697 3.111068
2.300151 2.215593 3.089355
2.285832 2.224772 3.06316
2.260883 2.251182 3.023411
2.241267 2.31486 3.019033
2.239972 2.401122 3.021001
2.23421 2.483118 3.046993
2.221847 2.694605 3.103532
2.224143 2.842562 3.146511
2.228336 3.01006 3.159638
2.245554 3.196911 3.17978
2.267269 3.36091 3.206305
2.121115 3.895306 3.31942
2.030971 4.263478 3.317786
1.971515 4.591329 3.294282
1.915416 4.94515 3.324232
1.856508 5.341752 3.300003
1.687642 6.396835 3.445363
1.558102 6.917673 3.53949
1.41137 7.490157 3.557206
1.220581 8.157105 3.584851
1.091754 8.820292 3.604556
0.731274 10.28307 3.648342
0.5123872 10.99932 3.688231
0.3940511 11.6433 3.73647
0.3377323 12.22745 3.817242
0.2737549 12.73042 3.876625
0.23119 13.4515 3.97929
0.3106332 13.63984 3.991483
0.4017378 13.66163 3.918514
0.4311076 13.56691 3.791213
0.3389404 13.55542 3.752473
0.04826746 13.88766 3.755963
0.07162806 14.14305 3.703174
0.1181889 14.50683 3.671763
359.9713 15.2168 3.768965
359.9713 15.2168 3.768965
359.752 16.4456 3.913609
359.792 18.01897 4.061789
359.8068 18.65276 4.193615
359.7643 19.23137 4.311854
359.6309 19.80153 4.492714
359.4544 20.81805 4.691166
359.4357 21.28927 4.672418
359.4299 21.7308 4.674148
359.428 22.11212 4.731092
359.4344 22.40858 4.809623
359.1839 23.08393 4.909362
359.0364 23.45739 5.028303
358.9799 23.80643 5.095427
358.9697 24.13871 5.127118
358.8624 24.5144 5.090643
358.4817 25.34906 5.120506
358.2681 25.81141 5.090539
358.0846 26.27813 5.057532
357.8842 26.76553 5.060976
357.6823 27.24102 5.059627
357.0455 28.30491 4.87182
356.751 28.89713 4.770149
356.6241 29.4735 4.612689
356.5127 29.98287 4.475501
356.2832 30.47479 4.414144
355.7408 31.42327 4.189807
355.5511 31.89949 4.016994
355.4174 32.40974 3.931889
355.3798 32.83754 3.842802
355.3777 33.15868 3.700228
355.4406 33.73188 3.293403
355.367 34.00622 3.123752
355.3314 34.29765 2.893929
355.4025 34.51145 2.543148
355.4646 34.65422 2.098527
355.2475 35.09945 1.485496
355.2062 35.37494 1.373865
355.231 35.53603 1.278793
355.1881 35.65478 1.199245
355.0286 35.79064 1.160556
354.6936 36.21708 1.175543
354.6853 36.43834 1.259406
354.7286 36.60913 1.345249
354.7795 36.72605 1.41041
354.7982 36.84518 1.385991
355.0293 37.39127 1.31078
355.3369 37.6493 1.251347
355.7057 37.90118 1.162723
356.0678 38.15884 1.007595
356.4896 38.35756 0.8147821
357.7935 38.48523 0.2112035
358.651 38.43312 359.7707
359.6273 38.26855 359.1852
0.5962756 38.03774 358.6326
1.606211 37.77324 358.2269
3.852671 37.36687 357.2996
5.173513 37.14005 356.6206
6.63231 36.87535 355.8695
8.163491 36.66904 355.3038
9.632872 36.48956 354.7932
11.45667 36.57257 353.6943
12.19448 36.6207 353.2945
12.94909 36.64757 352.9647
13.63305 36.75502 352.6201
14.92422 37.53773 352.684
15.92767 38.05842 353.8114
16.72562 38.66688 355.0506
17.0299 38.85826 355.0085
16.95415 38.85535 354.7648
16.39837 38.92717 354.7477
16.30538 38.85611 354.6239
16.11343 38.80787 354.5516
16.03555 38.75969 354.5564
16.13387 38.68382 354.6137
16.69093 38.72363 354.687
16.99134 38.96071 354.8757
17.34624 39.22736 355.129
17.78936 39.43415 355.418
18.33698 39.5519 355.6798
18.95436 39.58298 355.9076
19.96819 39.89025 356.2859
20.35244 40.09132 356.4172
20.62485 40.29355 356.6435
20.84086 40.51403 356.9571
21.10859 40.93621 357.5135
21.18808 41.15482 357.7821
21.23532 41.40036 358.0707
21.27394 41.60846 358.3558
21.18131 41.82389 358.6541
20.81241 42.13295 359.4478
20.78685 42.22207 359.8208
20.76077 42.30477 0.1649641
20.67491 42.42046 0.4734233
20.70983 42.52328 0.8298854
21.07242 42.58179 1.131915
21.90071 42.61381 1.634108
22.03615 42.72135 1.962389
22.06975 42.82883 2.252363
22.05165 42.98077 2.416113
21.98559 43.37381 2.877744
21.72601 43.59309 3.083894
21.3773 43.79416 3.284103
20.93541 43.98583 3.473391
20.46444 44.21791 3.745937
19.58962 44.55077 4.207324
19.88029 44.68341 4.42685
20.65003 44.87789 4.571987
21.35812 45.0929 4.68611
21.88576 45.43804 4.755825
23.4208 46.17273 5.184646
24.24068 46.4875 5.230269
24.80033 46.7713 5.420885
25.27639 46.97 5.605989
25.89341 47.0234 5.772078
27.12521 46.95792 5.932137
27.51287 47.00928 6.00597
27.57172 47.01717 6.140694
27.38586 46.92023 6.228261
27.29332 46.83889 6.316184
27.48884 46.74572 6.365398
27.90343 46.72712 6.257834
28.42583 46.72105 6.138462
28.84877 46.77633 6.067945
29.11563 46.73705 5.98264
29.76146 46.60793 5.725379
30.09032 46.51544 5.538172
30.35713 46.48281 5.450183
30.51862 46.46748 5.502552
30.61395 46.49913 5.57779
31.02579 46.60342 5.546277
31.34821 46.72105 5.558997
31.69245 46.86359 5.674595
32.10102 46.94876 5.800782
32.57055 46.8263 5.776051
33.11436 46.50282 5.8112
33.07414 46.39063 5.944729
33.06926 46.29433 6.111117
33.18407 46.25127 6.265558
33.36412 46.29408 6.397443
33.65503 46.38977 6.651994
33.72747 46.47107 6.834873
33.76482 46.53086 7.04329
33.88478 46.60533 7.25971
34.13376 46.65572 7.451989
34.65199 46.64656 7.704623
34.74872 46.58346 7.727268
34.83628 46.56881 7.723859
34.95808 46.54021 7.721011
35.10662 46.51398 7.694151
35.30492 46.41177 7.570257
35.51271 46.38435 7.52865
35.82592 46.3957 7.514818
36.11534 46.4902 7.591169
36.2996 46.64962 7.759077
36.30286 47.03333 8.090129
36.19293 47.19411 8.204958
36.15879 47.35387 8.319646
36.19063 47.54176 8.477926
36.14587 47.70933 8.697295
36.0765 47.85767 8.974084
36.09027 47.90921 9.022772
36.15798 47.95707 9.042816
36.20429 47.98564 9.041049
36.19255 47.97925 9.003408
36.15883 48.0325 8.998847
36.26117 48.10176 9.068219
36.31055 48.16729 9.123941
36.21216 48.24239 9.180448
36.04147 48.27997 9.241669
35.79303 48.32655 9.346969
35.68325 48.37799 9.384344
35.5416 48.39888 9.417515
35.35905 48.40403 9.424046
35.11649 48.37027 9.324634
34.69606 48.44141 9.174016
34.46658 48.57327 9.083536
34.09633 48.75918 9.005489
33.62505 48.91593 8.899012
33.16629 49.09595 8.758473
32.0062 49.51265 8.282555
31.17706 49.76403 8.071396
30.43651 50.08461 7.916017
29.78655 50.39489 7.778359
29.10305 50.73921 7.640907
27.6052 51.55105 7.489911
26.9058 52.08332 7.490871
26.27107 52.674 7.522729
25.57587 53.27999 7.577929
24.86341 53.95364 7.599683
23.46071 55.44118 7.65337
22.81273 56.31173 7.710275
22.16249 57.2115 7.758265
21.57256 58.20937 7.821468
21.08798 59.27906 7.858065
20.48968 61.7487 7.889848
20.36113 63.06479 7.912271
20.42183 64.43611 7.910257
20.60247 65.78482 7.871861
20.76537 67.13609 7.82727
21.07904 69.92546 7.828139
21.24584 71.21584 7.86017
21.41178 72.40569 7.875417
21.68142 73.50809 7.831993
22.06804 74.56219 7.679706
22.30193 76.50972 7.392951
21.82444 77.3717 7.340956
21.01228 78.16418 7.141895
20.11622 78.92399 6.922647
19.38538 79.56176 6.632921
18.4893 80.3843 5.949139
18.31081 80.59309 5.650134
18.18011 80.63398 5.348652
17.8883 80.51643 5.107687
17.36992 80.36356 4.945855
16.20324 80.11657 4.798257
15.66568 80.06858 4.700395
15.13275 80.0917 4.686051
14.66762 80.16208 4.710474
14.30353 80.24743 4.76034
13.98741 80.51311 4.818139
14.02171 80.70019 4.830469
13.9991 80.87753 4.853949
13.79792 81.0023 4.901786
13.42352 81.04743 4.959558
12.22669 80.9437 5.302045
11.54579 80.80183 5.417905
11.03043 80.73858 5.457064
10.79416 80.78358 5.391894
10.80744 80.99404 5.313627
10.8902 81.31375 5.061395
10.77187 81.42333 4.947175
10.75713 81.50957 4.888317
11.03795 81.55501 4.92169
11.57679 81.52279 5.031781
12.22159 81.3115 5.34602
12.21293 81.06497 5.51106
12.22159 80.78822 5.600368
12.4513 80.60535 5.63623
12.97437 80.56831 5.598812
14.60392 80.75513 5.12275
15.34044 80.9416 4.764235
15.8367 81.2263 4.499243
16.05474 81.60001 4.355127
16.15641 81.89014 4.311615
16.37386 82.58778 4.074243
16.50718 83.30551 4.03139
16.85923 84.32447 4.066638
17.6225 85.67532 4.298394
18.74041 86.96924 4.606352
20.36184 89.08372 5.461473
20.81801 89.83714 5.694365
21.41468 90.47461 5.746607
22.29244 91.15487 5.397477
22.81182 91.79886 4.865602
22.63133 92.72317 3.865313
22.47657 93.0701 3.336317
22.77761 93.32854 2.931436
23.42388 93.60901 2.550181
24.15264 93.98 2.244352
25.68954 94.50163 1.945743
26.31865 94.71308 1.944807
26.64389 95.04946 2.048608
27.07479 95.53751 2.281619
27.88501 96.19633 2.508219
29.78615 97.5745 2.6789
30.39743 98.25628 2.690939
30.91339 98.8231 2.828432
31.24011 99.44631 3.078542
31.43155 100.2124 3.268717
31.68345 102.1877 3.296919
31.93616 103.3441 3.278213
32.29239 104.5625 3.178677
32.74261 105.8569 3.176012
33.20766 107.2524 3.271861
34.64917 110.3586 3.767244
35.71925 112.2489 4.200588
36.73073 114.2525 4.639127
37.6269 116.2657 4.990255
39.81404 120.2514 5.807095
41.16707 122.2422 6.40195
42.49303 124.4466 7.175293
43.2941 126.8326 8.186999
43.65565 128.9598 8.887104
44.14342 132.376 9.469221
44.06691 133.8122 9.453287
43.70576 134.9828 9.202018
43.27156 136.0376 8.88785
42.86842 137.2371 8.704277
42.63868 139.8823 8.618933
42.79044 140.9658 8.468484
43.08207 141.8801 8.390963
43.34146 142.721 8.42452
43.38373 143.4301 8.237944
42.53577 144.6422 7.286714
42.04176 145.1651 6.976737
41.79327 145.5434 6.643729
41.7945 145.7607 6.226137
42.01782 145.685 5.649565
42.54715 145.1091 4.63553
42.245 144.8771 4.34416
41.66866 144.7464 4.144655
41.06261 144.7466 3.981699
40.49916 144.8425 3.694809
40.08316 145.3506 2.892585
40.1698 145.6447 2.42081
40.28712 145.9242 2.121192
40.36206 146.0697 1.807576
40.52552 146.0589 1.305216
40.92205 145.9421 0.09225284
41.28218 145.8499 359.3497
41.58858 145.7375 358.5919
41.7079 145.6394 357.9664
41.6355 145.5156 357.5696
40.41751 145.5527 357.2216
39.62355 145.6259 357.1223
39.18054 145.7328 356.9926
39.40633 145.962 357.1302
40.37146 146.2485 357.495
42.91637 146.6666 356.9537
43.60086 146.9995 356.6275
43.51937 147.6354 356.6576
42.90069 148.3073 356.7934
42.15881 148.9922 356.9361
41.1839 150.7898 357.1833
40.93766 151.914 357.3004
40.732 153.2526 357.5456
40.66703 154.6482 357.8124
40.67408 156.0219 357.9096
40.50898 158.8948 358.1371
40.31201 160.2697 358.3122
40.028 161.6462 358.5651
39.81581 163.009 358.8842
39.76625 164.2816 359.1443
39.77295 166.6225 359.4746
39.64238 167.7146 359.6503
39.36435 168.8119 359.8832
39.02517 169.8322 0.04498395
38.64213 170.8268 0.1693907
38.29617 172.4452 0.1019784
38.2098 173.1351 359.933
38.01559 173.9717 359.8828
37.7301 174.825 359.7626
37.22561 175.5207 359.589
35.44439 177.0868 359.2953
34.64242 177.8237 359.0763
33.98444 178.5755 358.8715
33.39835 179.3448 358.6332
32.78469 180.1428 358.4902
31.53903 181.658 358.1314
30.90726 182.3878 357.9227
30.29342 183.1145 357.7249
29.81111 183.8479 357.6017
29.41732 184.6023 357.5319
29.02343 185.8016 357.3268
29.07512 186.2934 357.2004
29.18255 186.8315 357.0854
29.44333 187.3378 356.9418
29.8767 187.8261 356.6799
30.73555 188.7153 356.4509
30.71305 189.2547 356.5198
30.27741 190.0301 356.7541
29.63762 190.8786 356.8767
28.76823 191.8641 356.9693
26.6484 193.8436 357.3949
25.80356 194.8055 357.6057
25.10695 195.7755 357.8297
24.58459 196.7552 358.0709
24.03168 197.7449 358.2206
22.81116 199.5192 358.7597
23.52887 200.2533 359.2941
24.25593 200.6706 359.6931
24.69329 201.1463 359.7952
24.40957 201.9043 359.9412
21.52653 203.0532 1.02186
20.46374 203.127 1.194113
19.88337 203.1781 1.12551
19.8592 203.4219 0.8564463
20.03064 203.6992 0.5127708
20.5193 203.9647 359.9024
20.80492 204.1121 359.7904
21.13528 204.2948 359.7838
21.60199 204.5454 359.7305
22.13752 204.8898 359.5736
23.19173 205.7102 359.2172
23.61462 206.1151 359.0222
24.0477 206.4877 358.7994
24.46066 206.7828 358.5254
24.8351 207.0528 358.342
25.57336 207.213 358.2118
25.86736 207.305 358.2308
26.21861 207.3358 358.1561
26.5135 207.3492 358.1063
26.72953 207.3971 358.1888
26.66322 207.5557 358.3057
26.44319 207.6087 358.3731
26.43306 207.5173 358.4084
26.76082 207.3316 358.5197
27.39271 207.0831 358.6012
28.57681 206.2191 358.5161
28.78634 205.6566 358.3439
29.06917 205.0319 358.232
30.22873 204.2671 358.1826
31.50394 203.4099 358.2616
33.24042 202.3042 357.6249
32.76882 202.2536 357.4622
31.76882 202.2273 357.2447
30.58583 202.0828 357.0254
29.75116 201.9105 357.1735
29.95105 201.3713 357.9432
30.84436 200.7739 358.041
31.93464 200.0258 358.0422
33.04974 199.1842 357.9623
33.83622 198.3177 357.7966
34.3076 196.7892 357.655
34.20534 196.1438 357.7156
34.2377 195.5698 357.8931
34.47467 195.1524 358.1528
34.89069 194.881 358.4387
36.24786 194.6144 358.6786
37.02691 194.7454 358.784
37.79541 195.0617 359.0219
38.48483 195.3809 359.1364
39.01137 195.5916 359.046
39.61364 196.0312 358.8796
39.86146 196.3353 358.9797
40.08607 196.7106 359.2103
40.32297 197.1075 359.4997
40.56208 197.5365 359.8057
40.9876 198.3401 0.2227074
41.15811 198.6859 0.3671429
41.24921 199.0177 0.5345632
41.14681 199.3355 0.7576122
40.78956 199.6155 1.071464
40.00034 199.9609 1.611964
40.74222 200.1387 1.83843
41.37729 200.4275 2.195889
42.13789 200.6415 2.403355
42.38503 200.6881 2.403192
41.35023 199.9378 2.493222
41.41724 199.5201 2.567158
41.92592 199.1738 2.455435
42.81101 198.9004 1.985496
45.76628 198.5904 0.7168446
47.02938 198.3155 0.06701319
47.6694 197.9754 359.3941
47.72601 197.6752 358.9003
47.4459 197.4074 358.5126
47.09317 197.1678 358.2153
46.7331 196.8194 357.8586
46.70364 196.7771 357.7945
46.57648 196.8686 357.8601
46.2103 197.0425 358.0342
45.7653 197.19 358.2528
44.83372 197.3039 358.6616
44.38103 197.3062 358.9495
43.98785 197.2668 359.1774
43.91425 197.2007 359.3337
44.26739 197.1315 359.3382
45.54983 196.6769 358.8323
46.13757 196.2499 358.3545
46.4443 195.7486 357.8607
46.39991 195.1235 357.3474
45.85236 193.7157 356.3039
45.80433 193.0043 355.7698
46.08355 192.3709 355.1707
46.44968 191.9834 354.611
46.80539 191.7841 354.0244
47.12732 191.8684 353.4146
47.89967 192.9025 352.3356
48.35046 193.6046 351.8116
48.68156 194.502 351.4339
48.89622 195.4617 351.1052
49.06738 196.5078 350.8542
49.58028 198.8287 350.8438
49.89774 199.9758 350.9137
50.1999 201.1577 351.1299
50.46817 202.3587 351.3477
51.02546 205.226 352.0478
51.19917 206.8812 352.4887
51.30013 208.5972 352.9488
51.32538 210.2733 353.394
51.40607 211.8587 353.7767
51.56727 213.2267 354.0439
51.98604 214.8567 353.949
52.11784 215.2262 353.7547
52.05729 215.3723 353.4671
51.86825 215.2617 353.0064
51.55165 214.5143 351.9828
51.59042 213.9664 351.5397
51.77673 213.2831 351.013
52.07612 212.4536 350.2928
52.22756 211.578 349.4384
51.74681 210.2381 347.99
51.13328 209.7537 347.4026
50.43283 209.4025 346.9168
49.78643 209.1007 346.4395
49.32834 208.9508 346.1299
50.30064 208.5626 346.0372
51.17699 209.0202 346.8939
51.95586 209.7154 347.3537
52.10247 210.9111 347.6098
51.54403 212.5529 348.0887
50.88451 214.9177 349.5386
51.36087 214.9653 349.9612
52.06495 214.4889 350.2618
52.22964 214.0289 350.6054
51.94463 213.8421 351.1601
51.76683 213.1989 351.3935
51.97622 212.9104 351.2396
52.16411 212.6758 350.9777
52.10942 212.2863 350.5021
51.69185 211.8526 350.0609
51.11774 211.3059 349.6481
49.85126 210.0845 348.8101
49.23321 209.6278 348.4769
48.6562 209.4369 348.2402
48.21483 209.4842 348.0743
47.87075 209.8457 347.5808
47.95592 209.9898 347.2345
48.10061 210.106 346.9494
48.22476 210.22 346.6513
48.20925 210.4524 346.4116
47.79914 211.1637 346.1673
47.59443 211.4324 346.1103
47.57386 211.6514 345.9321
47.63173 211.897 345.7588
47.74098 212.288 345.6874
47.71879 213.6505 345.656
47.68143 214.495 345.7894
47.60663 215.3434 345.9822
47.51349 216.1349 346.2275
47.41812 216.937 346.4796
47.40142 218.4575 346.9562
47.47163 219.2829 347.2286
47.57586 220.052 347.4518
47.63122 220.7061 347.6219
47.57362 221.274 347.7514
47.25895 221.9869 348.0464
47.14267 222.126 348.1599
47.11469 222.2572 348.3098
47.1831 222.429 348.4977
47.29185 222.6638 348.7164
47.55217 223.0392 349.0876
47.76875 223.2278 349.3125
47.98626 223.4456 349.6102
48.22645 223.6799 349.956
48.48646 223.9591 350.2968
48.95469 224.5604 350.9684
49.08321 224.8911 351.3362
49.12332 225.2437 351.6942
49.13689 225.5417 351.9617
49.1224 225.8136 352.2556
48.97444 226.2991 352.991
48.89023 226.6792 353.5641
48.77404 227.2191 354.2474
48.65489 227.8221 354.9399
48.57085 228.4422 355.5913
48.25302 229.5039 356.9012
48.10157 229.9359 357.5664
48.00048 230.3728 358.2366
48.08488 230.8056 358.8854
48.54699 231.2508 359.4618
49.11339 231.8914 0.03329978
48.87383 232.0912 0.3014444
48.55599 232.092 0.5678082
48.44462 231.8885 0.785599
48.5226 231.6287 0.9050119
48.63863 231.4105 1.271008
48.68235 231.3856 1.467962
48.731 231.3459 1.635078
48.79628 231.3874 1.882515
48.8854 231.5794 2.269695
48.88017 232.224 3.405334
48.77074 232.493 3.893831
48.53472 232.8407 4.450346
48.25602 233.2485 5.100291
47.93587 233.6347 5.709926
47.40118 234.1666 6.833671
47.33823 234.2554 7.380374
47.31602 234.2081 7.811554
47.33718 234.0619 8.176349
47.42205 233.8632 8.488349
47.59073 233.4753 8.87806
47.59388 233.4212 9.129971
47.60596 233.3174 9.281583
47.59961 233.1656 9.346484
47.52578 233.0049 9.363244
47.25756 232.9517 9.576699
47.23169 233.051 9.735394
47.25254 233.1557 9.851847
47.23782 233.3133 9.924778
47.15154 233.5344 10.03876
47.02736 234.0301 10.22236
47.00912 234.2683 10.32922
46.98069 234.4048 10.36799
46.90102 234.4124 10.31817
46.78212 234.3246 10.25351
46.49669 234.1677 10.22186
46.41916 234.2025 10.25504
46.39692 234.2913 10.28016
46.3641 234.4187 10.31505
46.2248 234.5294 10.31176
45.54435 234.5916 10.11563
45.11392 234.5681 9.834781
44.71276 234.6104 9.603702
44.31391 234.6244 9.385461
43.88316 234.5767 9.166639
42.63138 234.097 8.588103
41.79348 233.75 8.329557
40.9351 233.3365 8.139021
40.09723 232.7766 7.905923
39.17076 232.0747 7.607819
36.82055 230.2924 6.835273
35.63927 229.3647 6.395437
34.67613 228.5272 5.977331
33.89437 227.7551 5.494056
33.12662 227.1018 5.05132
31.1719 226.2408 4.315724
29.92059 225.9946 4.120081
28.61313 225.8704 4.063284
27.44626 225.7367 3.944326
26.55617 225.608 3.834434
25.61979 225.3679 3.593927
25.30515 225.2324 3.480586
24.76153 225.0492 3.480875
24.05597 224.874 3.582092
23.40472 224.745 3.676959
22.18114 224.4741 3.983501
21.3425 224.2868 4.067864
20.30645 224.0668 4.104976
19.09747 223.8507 4.147366
17.80444 223.6804 4.218878
15.09543 223.565 4.39221
13.95356 223.6136 4.529132
13.10037 223.6797 4.588933
12.52447 223.827 4.647015
12.14848 224.0143 4.708897
11.49632 224.7787 5.088791
10.80084 225.1732 5.021441
10.05039 225.635 4.980182
9.330432 226.2063 4.905753
8.673932 226.8779 4.799255
7.228641 228.2882 4.498266
6.457077 229.0278 4.325932
5.831025 229.7813 4.277962
5.395674 230.4888 4.182487
5.113819 231.1454 4.023174
4.740353 232.259 3.824927
4.550991 232.6126 3.806364
4.356418 232.8484 3.888626
4.143973 232.9376 3.985483
3.974868 232.9079 4.045978
3.855145 232.5307 4.141774
3.800756 232.2702 4.281932
3.782805 231.9696 4.396902
3.771708 231.6707 4.384688
3.750173 231.3217 4.256154
4.018602 230.7717 3.861297
4.22413 230.6004 3.644257
4.396553 230.3355 3.390179
4.502417 230.1693 3.079263
4.526174 230.1252 2.849931
4.079681 230.0709 2.59763
3.830794 230.1728 2.442692
4.908293 230.5674 2.121562
6.831125 230.6816 1.833443
8.385238 230.7923 1.369298
10.37051 230.5352 0.7196881
9.88512 230.506 0.6155484
8.859529 230.6638 0.5558224
7.719212 230.9412 0.2738148
7.040018 231.4474 359.8453
7.354424 233.1162 358.7892
7.83025 234.1409 358.2868
8.096804 235.3152 358.0036
8.116194 236.6045 357.9872
7.994281 238.0518 358.0671
7.282713 241.4395 358.1733
6.73241 243.2302 358.3174
6.122638 245.0504 358.4702
5.551241 246.8366 358.6623
5.039444 248.6073 358.867
4.233606 251.7741 359.0864
3.694988 253.2923 359.0912
3.240595 254.6148 359.1779
3.000514 255.8285 359.3087
3.071282 257.6396 359.4591
3.13921 258.2632 359.5083
3.167108 258.8572 359.5686
2.937624 259.2788 359.5675
2.659139 259.6764 359.5239
2.093088 260.0056 359.1197
1.992797 260.1483 358.8005
1.947656 260.3545 358.3623
1.91396 260.6144 357.9535
1.872733 260.7836 357.5471
1.740447 260.9826 356.8937
1.759717 261.0071 356.5932
1.854768 260.9615 356.2609
2.091849 260.9327 355.9186
2.480231 260.8774 355.623
3.439397 260.7705 354.9057
3.937308 260.7881 354.5208
4.292827 260.8684 354.1083
4.368388 261.0411 353.6495
4.178061 261.3016 353.1028
3.588267 262.0907 351.8471
3.684404 262.4185 351.2508
4.312532 262.4919 350.7568
5.004066 262.2657 350.3753
5.152342 261.9031 350.1434
2.824179 261.9361 350.2623
1.148093 262.3476 350.5446
359.4977 262.9489 350.9545
358.3688 263.6658 351.4356
358.2224 264.2545 351.8901
359.9395 264.7263 352.8837
1.210143 264.8976 353.5447
2.118715 265.1461 354.2934
2.702456 265.4911 355.0816
2.946454 265.8621 355.8357
2.433596 266.6066 356.8613
1.733659 266.9775 357.2632
0.9747434 267.327 357.4796
0.4068 267.5918 357.6016
0.2255179 267.8021 357.6076
0.8794907 268.2023 357.3556
1.444807 268.3748 357.1822
2.072674 268.4675 357.0054
2.642169 268.4837 356.8701
3.157434 268.4048 356.7304
3.949775 268.4719 357.2088
3.586094 268.5941 357.2737
2.963953 268.7697 357.3057
2.107903 268.951 357.3611
1.19058 269.1082 357.4669
0.6581851 269.3562 357.6198
1.205824 269.5052 357.6309
2.12124 269.7438 357.6508
3.340687 270.064 357.5841
4.697323 270.4502 357.4989
7.149901 271.3707 357.3925
8.001674 271.9889 357.4048
8.539054 272.6466 357.3769
8.816108 273.3156 357.3769
8.818978 273.9039 357.3917
8.639095 274.7638 357.3337
8.55229 275.0665 357.2082
8.46077 275.3176 357.0998
8.387011 275.531 357.031
8.317084 275.7044 357.0763
8.586172 275.9406 357.1555
8.734196 276.127 357.1323
8.851435 276.2866 357.0531
8.983962 276.3739 356.9001
9.122568 276.4597 356.7071
9.592875 276.873 356.4084
10.04307 277.1262 356.3584
10.50789 277.4261 356.4238
10.77421 277.7551 356.5299
10.77289 278.1664 356.7365
10.12328 279.2027 357.1798
9.686037 279.6844 357.2867
9.391792 280.1337 357.3182
9.282743 280.606 357.2843
9.29779 281.0756 357.1691
9.561871 281.8188 356.8857
9.780922 282.1294 356.7755
9.976493 282.3912 356.7215
10.11508 282.5932 356.6927
10.21038 282.7495 356.6812
10.31829 283.0693 356.7296
10.35643 283.2379 356.7199
10.41295 283.4379 356.6416
10.45419 283.6418 356.5638
10.52833 283.8012 356.4985
10.75998 283.9797 356.2326
10.9048 284.0414 356.0692
11.05586 284.0781 355.9059
11.12428 284.0535 355.7922
11.10106 284.049 355.6832
10.99396 284.1283 355.5378
10.98923 284.1884 355.4547
10.99957 284.2884 355.3899
10.99726 284.4008 355.3022
10.96504 284.4982 355.1432
11.11256 284.4721 354.7245
11.13299 284.3717 354.4945
11.01322 284.2253 354.2984
10.72861 284.2317 354.2054
10.28555 284.2321 354.2037
9.218141 284.1096 354.3148
8.517957 284.0633 354.5412
7.924565 283.8949 354.8955
7.564343 283.5954 355.2391
7.375862 283.1471 355.5775
7.339156 282.1676 356.2791
7.532207 281.6335 356.5828
7.814298 281.0563 356.8129
8.170162 280.5003 357.0071
8.46282 279.9501 357.2241
8.576672 278.9793 357.7937
8.34572 278.5238 358.0617
8.00405 278.0674 358.2954
7.650784 277.6849 358.5746
7.455484 277.2926 358.8509
7.645539 276.4659 359.2977
7.969165 276.1061 359.4414
8.399485 275.8274 359.5333
8.981637 275.5803 359.5659
9.717013 275.3647 359.5685
11.26901 275.0709 359.5314
11.96008 274.9956 359.472
12.65718 274.9253 359.3607
13.34075 274.9039 359.2027
13.96914 274.9162 359.016
14.86714 275.0122 358.8951
15.0761 275.1936 358.9016
15.18975 275.2513 358.88
15.54638 275.4382 359.2121
15.59334 275.4941 359.2039
15.23264 275.6921 359.2338
15.02673 275.8405 359.3015
15.24005 275.962 359.3589
15.97251 276.0348 359.3299
17.55513 275.9883 359.2261
17.8529 276.1884 359.282
17.44796 276.3999 359.2938
16.68206 276.6903 359.3952
15.69582 277.0531 359.5434
14.3716 277.3901 359.6389
11.85394 277.6636 359.4002
11.67938 277.9332 359.0716
12.1473 278.3083 358.6482
12.91153 278.8349 358.1891
13.97029 279.387 357.6951
15.32701 280.524 357.1131
15.52728 281.1166 357.0576
15.43237 281.7737 357.111
15.17156 282.4276 357.211
14.85338 283.1154 357.3069
14.0849 284.452 357.3249
13.69404 285.0711 357.2244
13.39421 285.6625 357.0297
13.24676 286.2209 356.8515
13.24841 286.6628 356.7439
13.51068 287.2122 356.6132
13.74748 287.3709 356.5525
14.0376 287.5341 356.4881
14.33637 287.6681 356.4101
14.61873 287.7546 356.3273
15.08503 287.845 356.1191
15.31025 287.7713 355.9775
15.54511 287.5674 355.7991
15.74133 287.2528 355.6341
15.89733 286.8308 355.494
16.17541 285.6776 355.3051
16.36308 284.9708 355.2076
16.56195 284.2646 355.12
16.81202 283.5385 355.0409
16.97479 282.8445 354.9944
16.73421 281.5488 355.0228
16.70535 280.9108 354.9529
16.92306 280.1953 354.8129
17.29334 279.4529 354.6295
17.71629 278.7079 354.4323
18.19651 277.4546 354.2755
18.06926 276.9659 354.3819
17.56727 276.5465 354.6573
16.79993 276.0245 355.1247
15.50219 274.4258 356.1839
15.35709 273.53 356.5887
15.40594 272.6456 356.9666
15.58049 271.712 357.3113
15.77637 270.7483 357.5485
16.39461 269.143 357.821
16.59369 268.4101 357.9354
16.58493 267.6744 358.0681
16.46831 266.9255 358.2202
16.2955 266.133 358.4343
16.35023 264.3334 359.1193
16.5841 263.3659 359.4478
16.97966 262.5915 359.9411
17.47822 261.8428 0.2637509
17.98326 261.1738 0.4689985
18.44392 260.6834 0.5591396
19.16313 260.1334 0.6546101
19.5778 260.0882 0.8706732
20.21335 260.036 1.067925
20.81857 259.9404 1.161613
21.20546 259.917 1.205355
21.31576 260.1707 1.600194
21.19749 260.4392 1.954876
20.98932 260.7489 2.326063
20.77427 261.0771 2.720156
20.62803 261.7606 3.416387
20.81779 262.0638 3.681921
21.09959 262.3684 3.876808
21.45495 262.8045 4.118646
21.58242 263.0767 4.314847
21.50835 263.4574 4.932836
21.25668 263.5066 5.162683
21.00946 263.4306 5.359858
21.09616 263.2969 5.426404
21.3722 263.1265 5.363246
21.422 262.9891 5.100408
20.83314 262.9989 5.068272
19.96996 262.92 5.048912
19.05877 262.8908 5.106611
18.15896 262.8641 5.236576
17.33248 262.7448 5.464043
17.65448 262.7704 5.407935
18.12233 262.8212 5.130008
18.52166 262.9465 4.656348
18.82299 263.0818 4.196361
19.33645 263.3498 3.476816
19.63825 263.4424 3.218648
19.82971 263.5181 3.024082
19.83377 263.5524 2.944442
19.70804 263.5182 2.947421
19.06036 263.2462 2.907885
18.7124 263.0507 2.706856
18.45574 262.8493 2.425777
18.38918 262.5829 2.110321
18.53251 262.2388 1.783153
19.21699 261.3848 1.224226
19.66877 260.8669 0.952363
20.15211 260.3305 0.6909133
20.56605 259.7987 0.4801597
20.84999 259.1922 0.2530745
21.30941 257.8545 359.824
21.55961 257.1455 359.6481
21.75703 256.4185 359.4819
21.75202 255.7053 359.3076
21.63572 254.9825 359.1533
21.5991 253.58 358.9206
21.67249 252.8723 358.812
21.67474 252.1647 358.725
21.61381 251.4221 358.6677
21.48448 250.6481 358.6504
22.10597 249.0156 358.4809
22.95292 248.1595 358.3677
23.92548 247.3742 358.3368
24.73473 246.8281 358.3134
24.88875 246.4266 358.3078
24.18435 245.9716 358.3438
23.2115 245.6587 358.4685
22.04702 245.2165 358.6337
20.97408 244.6838 358.8096
20.62174 244.0922 358.8952
21.69486 242.8194 358.7217
22.67385 242.1051 358.4098
23.57383 241.4603 358.043
24.17613 240.9101 357.7451
24.43825 240.3794 357.5828
24.0758 238.8148 357.3963
23.62757 237.7507 357.3664
23.10552 236.7802 357.4562
22.58658 235.947 357.6307
22.21619 235.1709 357.7554
22.04913 234.0593 357.9996
22.14002 233.7083 358.0551
22.27692 233.5221 358.078
22.46226 233.444 358.0728
22.61378 233.474 358.0591
22.43938 233.5978 357.9622
22.16033 233.6957 357.9441
22.00323 233.79 357.969
21.98482 233.8219 358.007
22.11106 233.7618 358.0534
23.04545 233.29 358.1455
23.69555 232.9176 358.2379
24.33251 232.5229 358.4029
24.88076 232.1724 358.6008
25.41434 231.9019 358.7817
26.8768 231.615 359.0727
27.70304 231.5764 359.2041
28.55565 231.5391 359.3537
29.36095 231.5282 359.5098
30.00876 231.6214 359.7833
30.78279 231.9894 0.1457198
31.35621 232.0221 0.1924239
31.89508 231.9568 0.1637294
32.20413 231.8572 0.01459726
32.26526 231.8133 359.9886
32.25092 231.7881 0.2149271
32.16192 231.7776 0.3143382
31.86947 231.7641 0.4332108
31.41605 231.8162 0.6192325
31.13261 231.9894 0.7818293
31.82409 232.1971 0.8066072
32.21294 232.1557 0.576448
32.5038 232.0952 0.2827057
32.71836 232.017 0.02669483
32.97433 231.8743 359.8717
33.23988 231.3225 359.5881
33.11464 231.0725 359.4621
32.85537 230.8759 359.3584
32.51014 230.707 359.2951
32.12261 230.5483 359.2139
31.33168 230.154 358.8354
31.01991 229.9088 358.5956
30.83221 229.611 358.3498
30.71288 229.2742 358.094
30.68998 228.8868 357.8397
30.98075 227.9127 357.2718
31.27346 227.3251 356.9909
31.50435 226.7073 356.7147
31.59205 226.0728 356.4384
31.51391 225.462 356.1498
30.92623 224.263 355.5981
30.55336 223.6657 355.3724
30.22251 223.0404 355.1694
29.96622 222.3902 354.9608
29.79388 221.7499 354.7317
29.4521 220.6027 354.1939
29.1005 220.0945 353.8902
28.76966 219.6293 353.5762
28.84541 219.1635 353.2264
28.94339 218.6554 352.9458
27.70241 218.2061 352.837
26.5734 218.194 352.9907
25.64034 218.2162 353.0679
24.80615 218.3241 352.9829
23.92262 218.644 352.8084
21.50862 220.005 352.3415
20.04602 220.8402 352.2645
18.4788 221.5485 352.2754
16.76023 222.0952 352.4892
15.02945 222.5393 352.9526
12.14465 223.0099 354.2343
11.12528 223.116 354.9177
10.47838 223.1885 355.5031
10.15408 223.1556 356.0562
10.12939 223.1229 356.6279
9.960229 223.2363 357.468
9.575344 223.5409 357.8258
8.930114 223.936 358.1902
8.058923 224.3926 358.4817
6.935926 224.8489 358.6432
4.191717 225.9 358.8762
2.549582 226.532 359.0512
0.5776258 227.2374 359.2609
358.3448 227.9964 359.4398
356.2037 228.7304 359.5317
352.709 230.1223 359.772
351.9068 230.7192 359.7995
352.5073 231.1057 359.9262
354.0734 231.4768 359.9174
355.7179 231.8346 359.8874
356.0143 232.5826 0.1155052
355.6154 232.9791 0.2468828
355.5014 233.382 0.3692095
355.6926 233.8768 0.4985994
356.057 234.4817 0.6712987
355.9489 236.2238 1.153938
355.3049 237.2208 1.323713
354.6512 238.2521 1.456142
354.1533 239.3702 1.631326
354.3291 241.8177 1.977232
355.0339 242.8934 2.010894
355.8147 243.9703 2.002781
356.6181 245.3086 2.00995
357.0532 246.8742 2.051251
356.9958 248.5553 2.121178
355.6635 251.7585 2.186508
354.5919 253.5138 2.033199
353.7979 255.4049 1.862678
353.6074 257.3886 1.675713
353.7954 259.4431 1.373795
355.0483 263.2326 0.6477994
355.721 264.8739 0.2860828
356.1837 266.3554 359.9216
356.4349 267.6456 359.7221
356.5628 268.7682 359.6841
356.594 270.1465 359.8874
356.5843 270.4282 0.08241627
356.5997 270.4645 0.2879009
356.6498 270.2841 0.5061811
356.7021 269.9403 0.7253138
357.0043 268.819 1.07966
357.2987 268.1921 1.241928
357.7218 267.6302 1.430797
358.2013 267.0772 1.644005
358.836 266.0748 2.029164
358.9498 265.7482 2.195527
358.9326 265.5294 2.27138
358.8172 265.4424 2.201003
358.5493 265.4441 2.008952
358.0432 265.6492 1.337871
358.0186 265.8205 1.062446
358.172 265.9716 0.8161663
358.4125 266.0452 0.6801814
358.6147 266.071 0.5976541
358.771 266.0602 0.5052337
358.7909 266.0059 0.5396344
358.8379 265.9377 0.6541696
358.8294 265.881 0.714002
358.7104 265.8021 0.640411
358.331 265.7149 0.4055925
358.1422 265.6353 0.4099014
357.9673 265.5102 0.3974756
357.84 265.3771 0.4288398
357.8595 265.252 0.4790037
358.1521 265.0656 0.6078896
358.4096 264.9753 0.68063
358.5878 264.945 0.7828248
358.5916 264.9953 0.8227399
358.4095 265.1501 0.8031811
357.8604 265.5007 0.6845378
357.6309 265.6583 0.5728323
357.4535 265.792 0.4266214
357.3812 265.9053 0.2557281
357.4186 265.9932 0.07272986
357.5903 266.1301 359.811
357.7042 266.2361 359.7665
357.8263 266.3462 359.7953
357.9179 266.5046 359.8195
357.9476 266.6398 359.868
357.4538 266.9979 0.05699594
357.1186 267.2683 0.08975739
356.9736 267.5969 0.1274607
357.0708 267.9783 0.1039522
357.3447 268.3377 0.03728474
357.7188 269.0569 359.8505
357.7643 269.3595 359.7808
357.7625 269.6151 359.7332
357.7494 269.8216 359.7077
357.6935 269.9412 359.6818
357.5924 270.2395 359.5286
357.6295 270.3958 359.4671
357.7357 270.5318 359.4579
357.781 270.65 359.466
357.6905 270.7445 359.4673
357.3929 270.9372 359.4558
357.3839 270.9955 359.4928
357.4378 271.0204 359.5637
357.5051 271.0224 359.6512
357.5273 271.0261 359.7294
357.5266 271.018 359.8742
357.5872 271.0251 359.9126
357.6951 271.0132 359.9522
357.7814 270.9568 0.01532242
357.8048 270.9092 0.07312699
357.7663 270.849 0.01693861
357.8076 270.8225 359.9796
357.882 270.7866 359.9651
357.9337 270.718 -0.004426066
357.9624 270.6419 0.02602314
357.9931 270.5049 0.1178362
358.0354 270.4564 0.1267054
358.1559 270.4317 0.1128147
358.3361 270.4001 0.1025387
358.4764 270.3836 0.04828394
358.2949 270.4208 359.9226
358.1154 270.4793 359.8637
358.0126 270.5175 359.8061
357.9916 270.5694 359.7424
357.9754 270.6481 359.7215
357.9145 270.8165 359.7369
357.8672 270.9003 359.733
357.8008 271.0219 359.6873
357.7505 271.143 359.6564
357.7234 271.2603 359.6743
357.609 271.425 359.5953
357.5618 271.4978 359.5546
357.5547 271.573 359.5364
357.5982 271.6644 359.5389
357.6214 271.713 359.5268
357.4682 271.8106 359.5175
357.3806 271.8808 359.5678
357.3164 271.9463 359.6033
357.2479 272.0083 359.5967
357.1911 272.0906 359.5956
357.1777 272.347 359.6566
357.1907 272.5032 359.6731
357.1912 272.6404 359.6155
357.1533 272.7386 359.5702
357.0406 272.8253 359.4969
356.4312 273.2704 359.468
356.2021 273.6685 359.819
356.0453 274.3516 0.08276277
355.936 275.0086 359.8072
356.0701 275.1927 359.8409
356.5008 275.3913 0.2346492
356.6984 275.3027 0.5185642
356.9262 275.0918 0.8367189
357.1742 274.7704 1.057647
357.2572 274.5165 1.299235
357.4094 273.6296 2.082577
357.6003 272.8061 2.629843
358.142 272.0893 2.751533
358.0862 271.3927 2.771828
357.65 270.7829 3.527203
356.4848 270.0595 3.931398
355.7814 269.7568 4.048107
355.3188 269.6199 4.107081
355.025 269.3703 3.928192
354.8625 269.1747 3.860434
355.5977 268.7741 3.777022
356.2576 268.7612 3.770557
356.8958 268.6562 3.546746
357.1986 268.3445 3.472793
357.1816 267.974 3.622014
356.7668 267.2067 4.068384
356.568 266.9427 4.105782
356.4575 266.641 3.930509
356.4272 266.3423 3.718812
356.514 265.9954 3.537943
356.6771 265.2266 3.41654
356.814 264.849 3.25485
356.9639 264.5537 2.962688
357.1055 264.3461 2.717455
357.2616 264.106 2.569563
357.3566 263.7072 2.472986
357.2983 263.5466 2.409152
357.2463 263.4353 2.392457
357.2705 263.3529 2.409803
357.362 263.2527 2.460789
357.2807 262.8841 2.714646
357.0602 262.6991 2.830416
356.881 262.4328 2.933506
356.7839 262.1772 2.965981
356.6849 261.9896 2.919294
356.4196 261.6616 2.926262
356.2895 261.5793 2.97789
356.2126 261.5078 2.979778
356.17 261.4295 2.961395
356.1471 261.4225 2.936344
356.2513 261.4693 2.735689
356.3644 261.4868 2.628589
356.4626 261.5174 2.559849
356.5304 261.5498 2.502765
356.5831 261.481 2.478395
356.6065 261.3695 2.527816
356.6108 261.2566 2.548023
356.5596 261.1975 2.537961
356.527 261.1702 2.568305
356.5243 261.147 2.556743
356.5473 261.1898 2.447324
356.5875 261.2035 2.43761
356.6023 261.2059 2.471336
356.58 261.1965 2.494874
356.4727 261.2279 2.524636
356.2141 261.3052 2.532417
356.1893 261.3434 2.510533
356.2383 261.3226 2.478287
356.2277 261.2696 2.494493
356.0998 261.238 2.535765
355.8766 261.241 2.642651
355.882 261.238 2.618213
355.9517 261.2321 2.606491
356.0433 261.2427 2.611729
356.1078 261.2874 2.613058
356.2775 261.2819 2.527438
356.3416 261.2935 2.487007
356.3798 261.2569 2.478537
356.3685 261.167 2.516652
356.2816 261.1286 2.566117
356.1372 261.082 2.65677
356.1199 261.0457 2.63919
356.1251 261.0819 2.584199
356.1616 261.1426 2.59447
356.2098 261.1505 2.617551
356.2321 261.1795 2.594314
356.2509 261.1625 2.591738
356.2493 261.1288 2.590353
356.2633 261.1175 2.600683
356.2933 261.0666 2.630697
356.2599 261.0026 2.625756
356.1918 260.97 2.662333
356.1402 260.9193 2.65364
356.1191 260.9172 2.593306
356.1603 260.9252 2.514897
